from_id,to_id,cost,line
1,214,3,京浜急行久里浜線
1,222,2,京浜急行久里浜線
10,289,18,徒歩
10,289,2,新京成電鉄線
10,350,3,新京成電鉄線
10,565,17,徒歩
100,1537,18,いすみ鉄道
100,857,12,いすみ鉄道
1001,1108,1,東武越生線
1001,1108,16,徒歩
1001,1111,2,東武越生線
1001,1137,18,徒歩
1002,1003,4,徒歩
1002,1164,16,徒歩
1002,1165,18,徒歩
1002,1166,20,徒歩
1002,1167,18,徒歩
1002,1168,19,徒歩
1002,1635,5,徒歩
1002,1683,15,徒歩
1002,1759,14,徒歩
1003,1164,19,徒歩
1003,1591,19,徒歩
1003,1635,3,都電荒川線
1003,1635,7,徒歩
1003,1683,16,徒歩
1003,1759,15,徒歩
1006,1379,12,小田急小田原線
1006,1777,3,小田急小田原線
1007,1214,16,徒歩
1007,1453,12,徒歩
1007,1454,11,徒歩
1007,1573,11,東葉高速鉄道
1007,1705,23,東葉高速鉄道
1008,1099,7,JR久留里線
1009,1010,14,徒歩
1009,1315,14,徒歩
1009,1315,2,東急東横線
1009,1362,20,徒歩
101,717,4,JR久留里線
1010,1071,5,JR京浜東北線
1010,1094,5,JR京浜東北線
1010,1361,19,徒歩
1010,1362,16,徒歩
1011,1371,17,徒歩
1011,1413,7,JR八高線
1012,1255,5,JR五日市線
1012,1373,5,JR五日市線
1014,1183,4,JR総武線
1014,1453,4,JR総武線
1016,1110,14,秩父本線
1016,1522,20,徒歩
1016,1522,5,秩父本線
1017,1294,4,JR横須賀線
1017,1624,3,JR横須賀線
1018,1149,8,JR東金線
1018,1369,6,JR東金線
1019,1020,1,徒歩
1019,1151,20,徒歩
1019,1152,15,徒歩
1019,1416,10,徒歩
1019,1417,10,徒歩
1019,1650,6,徒歩
1019,1651,9,徒歩
1019,1652,11,徒歩
1019,1653,12,徒歩
102,1008,4,JR久留里線
102,1354,3,JR久留里線
1020,1151,20,徒歩
1020,1152,15,徒歩
1020,1416,11,徒歩
1020,1417,11,徒歩
1020,1650,6,徒歩
1020,1651,8,徒歩
1020,1652,10,徒歩
1020,1653,11,徒歩
1021,1085,2,西武池袋線
1021,1155,3,西武池袋線
1021,1493,15,徒歩
1022,1288,12,徒歩
1022,1288,2,京浜急行大師線
1024,1620,16,徒歩
1025,1171,2,JR青梅線
1025,1694,3,JR青梅線
1026,1027,1,徒歩
1026,1642,11,JR八高線
1026,1714,14,徒歩
1026,1758,11,JR八高線
1027,1714,1,西武池袋線
1027,1714,14,徒歩
1027,1757,9,西武池袋線
1029,1059,4,JR宇都宮線
103,1404,11,JR内房線
103,278,10,JR内房線
1031,1289,6,JR八高線
1032,1603,18,徒歩
1033,1476,6,東武伊勢崎線
1034,1100,9,JR総武本線
1035,1086,13,JR成田線
1035,1275,12,JR総武本線
1035,1654,7,JR総武本線
1036,1037,1,徒歩
1037,1046,21,JR常磐線快速
1037,1646,7,JR常磐線各駅停車
1039,1333,4,JR御殿場線
104,1725,21,小湊鉄道
1040,1467,10,徒歩
1040,1467,2,東急世田谷線
1042,1165,4,JR埼京線
1042,1545,18,徒歩
1045,1046,2,徒歩
1045,1597,6,東武野田線
1047,1048,4,つくばエクスプレス線
1048,1185,8,つくばエクスプレス線
1049,1345,12,徒歩
1049,1345,3,江ノ島電鉄線
1049,1771,14,徒歩
1049,1771,4,江ノ島電鉄線
105,1519,7,JR外房線
105,1770,6,JR外房線
1054,1299,7,多摩モノレール
1054,1396,20,徒歩
1054,1397,20,徒歩
1054,1400,16,徒歩
1054,1400,4,多摩モノレール
1055,1776,4,小田急小田原線
1056,1496,10,徒歩
1056,1496,2,千葉都市モノレール1号線
1057,1081,10,徒歩
1057,1081,5,都電荒川線
1057,1252,15,徒歩
1057,1280,8,徒歩
1057,1281,12,徒歩
1057,1283,5,都電荒川線
1057,1283,9,徒歩
1057,1483,20,徒歩
1057,1527,11,徒歩
1057,1703,10,徒歩
1058,1793,3,小田急多摩線
1059,1060,5,徒歩
1061,1677,5,小田急小田原線
1062,1352,4,JR根岸線
1063,1338,10,JR東海道本線
1065,1744,6,小田急江ノ島線
1067,1155,2,西武池袋線
1067,1155,20,徒歩
1067,1429,15,徒歩
1067,1430,1,西武池袋線
1067,1430,15,徒歩
1068,1290,3,東急田園都市線
1068,1730,4,東急田園都市線
1069,1633,7,千葉都市モノレール2号線
107,108,4,徒歩
107,109,5,徒歩
107,110,5,徒歩
107,111,17,徒歩
107,112,15,徒歩
107,113,12,徒歩
107,114,11,徒歩
107,1244,17,徒歩
107,1389,10,徒歩
107,224,7,徒歩
107,268,11,徒歩
107,745,11,徒歩
107,824,15,徒歩
107,825,14,徒歩
1070,1071,4,徒歩
1070,1678,16,徒歩
1070,1679,13,徒歩
1070,1726,10,徒歩
1071,1094,5,JR根岸線
1071,1501,21,JR京浜東北線
1071,1678,18,徒歩
1071,1678,4,JR根岸線
1071,1679,16,徒歩
1071,1726,10,徒歩
1073,1145,18,徒歩
1073,1517,17,徒歩
1073,1686,11,徒歩
1073,1687,9,徒歩
1073,1688,8,徒歩
1074,1276,17,徒歩
1074,1277,16,徒歩
1074,1277,4,多摩モノレール
1076,1603,1,小田急小田原線
1076,1603,13,徒歩
1078,1548,18,徒歩
1078,1548,3,東武伊勢崎線
1079,1627,5,東武野田線
1079,1641,5,東武野田線
108,109,6,徒歩
108,110,6,徒歩
108,111,14,徒歩
108,112,12,徒歩
108,113,11,徒歩
108,114,10,徒歩
108,1244,15,徒歩
108,1389,13,徒歩
108,224,4,徒歩
108,268,12,徒歩
108,745,11,徒歩
108,824,17,徒歩
108,825,16,徒歩
1080,1129,16,徒歩
1080,1248,16,徒歩
1080,1248,2,東急田園都市線
1081,1280,17,徒歩
1081,1281,20,徒歩
1081,1283,17,徒歩
1081,1483,10,徒歩
1081,1483,5,都電荒川線
1081,1484,19,徒歩
1081,1527,15,徒歩
1081,1703,19,徒歩
1082,1083,1,徒歩
1082,1200,19,徒歩
1082,1225,14,徒歩
1082,1226,12,徒歩
1082,1490,15,徒歩
1083,1200,18,徒歩
1083,1225,14,徒歩
1083,1226,12,徒歩
1083,1490,15,徒歩
1085,1164,3,西武池袋線
1085,1584,17,徒歩
1088,1213,4,JR京葉線
1088,1386,3,JR京葉線
1089,1191,4,東武伊勢崎線
109,110,2,徒歩
109,111,15,徒歩
109,112,15,徒歩
109,113,15,徒歩
109,114,15,徒歩
109,1244,20,徒歩
109,1389,10,徒歩
109,1773,19,徒歩
109,224,9,徒歩
109,268,15,徒歩
109,745,15,徒歩
109,824,17,徒歩
109,825,17,徒歩
1090,1384,16,徒歩
1090,1384,4,江ノ島電鉄線
1090,1673,15,徒歩
1090,1673,4,江ノ島電鉄線
1092,1177,19,秩父本線
1092,1638,14,秩父本線
1093,1094,4,徒歩
1093,1095,4,徒歩
1093,1096,6,徒歩
1093,1097,5,徒歩
1093,1361,19,徒歩
1093,1741,17,徒歩
1094,1095,1,徒歩
1094,1096,3,徒歩
1094,1097,2,徒歩
1094,1120,11,JR横須賀線
1094,1120,12,JR湘南新宿ライン
1094,1245,49,JR湘南新宿ライン
1094,1361,16,徒歩
1094,1741,16,徒歩
1095,1096,3,徒歩
1095,1097,2,徒歩
1095,1361,16,徒歩
1095,1741,16,徒歩
1096,1097,2,徒歩
1096,1361,1,京浜急行本線
1096,1361,14,徒歩
1096,1362,2,京浜急行本線
1096,1741,17,徒歩
1097,1361,15,徒歩
1097,1489,5,東急東横線
1097,1741,18,徒歩
1098,1461,10,西武秩父線
1098,1562,4,西武秩父線
11,757,8,東急こどもの国線
110,111,14,徒歩
110,112,13,徒歩
110,113,16,徒歩
110,114,15,徒歩
110,1203,20,JR宇都宮線
110,1244,20,徒歩
110,1297,5,JR京浜東北線
110,1376,4,JR京浜東北線
110,1389,12,徒歩
110,1607,10,JR宇都宮線
110,1773,18,徒歩
110,1773,3,JR京浜東北線
110,1773,4,JR山手線
110,224,8,徒歩
110,268,16,徒歩
110,536,26,JR宇都宮線
110,662,10,JR高崎線
110,662,6,JR宇都宮線
110,745,15,徒歩
110,745,2,JR京浜東北線
110,745,3,JR山手線
110,824,19,徒歩
110,825,18,徒歩
110,887,3,JR常磐線快速
1100,1704,9,JR総武本線
1101,1150,17,徒歩
1101,1294,3,JR横須賀線
1101,1523,5,JR横須賀線
1101,1624,10,JR横須賀線
1101,1625,9,徒歩
1102,1150,1,京浜急行本線
1102,1150,14,徒歩
1102,1337,1,京浜急行本線
1102,1643,7,京浜急行本線
1103,1104,3,徒歩
1103,1327,4,JR横浜線
1103,1328,6,JR横浜線
1105,1461,17,西武秩父線
1105,1532,6,西武秩父線
1106,1144,12,秩父本線
1107,1109,7,秩父本線
1107,1206,12,秩父本線
1108,1612,3,東武越生線
1109,1311,15,秩父本線
111,1064,9,徒歩
111,112,2,上野モノレール
111,112,4,徒歩
111,113,20,徒歩
111,114,19,徒歩
111,1773,20,徒歩
111,224,12,徒歩
1112,1120,3,JR南武線
1112,1124,3,JR南武線
1113,1116,6,JR五日市線
1114,1115,2,徒歩
1116,1123,3,JR五日市線
1117,1564,3,西武多摩湖線
1118,1542,16,徒歩
1118,1542,4,東急目黒線
1119,1120,2,徒歩
1119,1444,4,東急東横線
1119,1489,6,東急東横線
112,1064,10,徒歩
112,113,17,徒歩
112,114,16,徒歩
112,1244,17,徒歩
112,224,10,徒歩
112,745,19,徒歩
1120,1536,5,JR横須賀線
1120,1536,5,JR湘南新宿ライン
1123,1373,3,JR五日市線
1124,1129,4,JR南武線
1125,1340,19,徒歩
1125,1340,5,東急多摩川線
1126,1757,5,西武池袋線
1127,1128,3,徒歩
1128,1566,4,JR武蔵野線
1129,1182,2,JR南武線
1129,1248,3,徒歩
1129,1749,16,徒歩
113,114,1,徒歩
113,1244,6,徒歩
113,1378,20,徒歩
113,1389,19,徒歩
113,224,9,徒歩
113,268,7,徒歩
113,745,4,徒歩
113,824,18,徒歩
113,825,17,徒歩
113,932,11,徒歩
1131,1276,7,西武拝島線
1131,1563,6,西武拝島線
1132,1272,2,西武池袋線
1132,1388,6,西武池袋線
1133,1316,6,徒歩
1133,1702,2,京王線
1135,1409,7,JR川越線
1135,1758,7,JR川越線
1137,1613,6,JR八高線
1137,1758,13,JR八高線
1138,1200,14,徒歩
1138,1473,14,徒歩
1138,1474,13,徒歩
1139,1140,5,徒歩
1139,1358,18,徒歩
1139,1359,16,徒歩
1139,1360,16,徒歩
1139,1708,13,徒歩
1139,1709,19,徒歩
1139,1710,19,徒歩
1139,1711,1,JR中央線
1139,1711,1,JR総武線
1139,1711,16,徒歩
1139,1712,15,徒歩
114,1244,6,徒歩
114,1389,19,徒歩
114,224,8,徒歩
114,268,7,徒歩
114,745,4,徒歩
114,824,18,徒歩
114,825,17,徒歩
114,932,12,徒歩
1140,1359,19,徒歩
1140,1360,18,徒歩
1140,1708,17,徒歩
1140,1711,19,徒歩
1140,1712,18,徒歩
1141,1717,11,JR成田線
1145,1146,5,徒歩
1145,1147,6,徒歩
1145,1246,15,徒歩
1145,1247,11,徒歩
1145,1605,17,徒歩
1145,1606,9,徒歩
1145,1687,19,徒歩
1145,1789,18,徒歩
1146,1147,1,徒歩
1146,1246,16,徒歩
1146,1247,13,徒歩
1146,1605,15,徒歩
1146,1606,5,徒歩
1146,1789,15,徒歩
1147,1246,17,徒歩
1147,1247,13,徒歩
1147,1605,15,徒歩
1147,1606,5,徒歩
1147,1789,15,徒歩
1148,1565,1,京王井の頭線
1148,1565,15,徒歩
115,1412,19,徒歩
115,1412,5,東急大井町線
115,198,6,東急大井町線
1150,1622,5,京浜急行本線
1150,1625,1,京浜急行本線
1150,1625,19,徒歩
1151,1152,5,徒歩
1151,1198,18,徒歩
1151,1407,6,新交通ゆりかもめ
1151,1417,13,徒歩
1152,1417,10,徒歩
1152,1650,16,徒歩
1152,1651,17,徒歩
1152,1652,19,徒歩
1153,1240,2,徒歩
1153,1241,13,徒歩
1153,1241,3,江ノ島電鉄線
1153,1264,10,徒歩
1153,1324,10,徒歩
1153,1443,12,徒歩
1153,1443,3,江ノ島電鉄線
1154,1549,17,徒歩
1154,1549,3,日暮里・舎人ライナー
1154,1756,13,徒歩
1154,1756,2,日暮里・舎人ライナー
1157,1627,4,東武野田線
1158,1268,19,徒歩
1158,1363,13,徒歩
1158,1475,19,徒歩
116,1586,6,秩父本線
116,1671,6,秩父本線
1161,1729,1,京王井の頭線
1161,1729,20,徒歩
1162,1503,6,東急池上線
1163,1230,5,東急田園都市線
1163,1729,18,徒歩
1164,1165,6,徒歩
1164,1166,7,徒歩
1164,1167,6,徒歩
1164,1168,8,徒歩
1164,1169,11,徒歩
1164,1323,19,徒歩
1164,1635,15,徒歩
1164,1683,18,徒歩
1164,1759,18,徒歩
1165,1166,4,徒歩
1165,1167,1,徒歩
1165,1168,3,徒歩
1165,1169,7,徒歩
1165,1323,4,JR山手線
1165,1608,10,JR湘南新宿ライン
1165,1635,19,徒歩
1166,1167,4,徒歩
1166,1168,4,徒歩
1166,1169,4,徒歩
1167,1168,2,徒歩
1167,1169,7,徒歩
1167,1635,19,徒歩
1168,1169,6,徒歩
1168,1635,20,徒歩
1169,1584,18,徒歩
117,1125,15,徒歩
117,1125,4,東急多摩川線
117,175,19,徒歩
117,1769,13,徒歩
117,1769,3,東急多摩川線
117,405,12,徒歩
1170,1619,3,JR青梅線
1171,1694,5,JR青梅線
1173,1640,2,西武新宿線
1174,1769,6,東急多摩川線
1175,1351,11,徒歩
1175,1351,3,多摩モノレール
1175,1401,12,徒歩
1175,1401,3,多摩モノレール
1176,1318,15,徒歩
1178,1235,3,JR根岸線
1179,1542,15,徒歩
1179,1542,4,東急目黒線
1179,1664,19,徒歩
118,1786,3,西武新宿線
118,212,17,徒歩
118,212,2,西武新宿線
1180,1347,13,徒歩
1180,1347,3,東急池上線
1180,1664,14,徒歩
1180,1664,4,東急池上線
1182,1248,20,徒歩
1183,1385,15,JR総武線快速
1183,1453,5,JR総武線快速
1185,1186,2,徒歩
1185,1187,5,つくばエクスプレス線
1186,1597,3,東武野田線
1189,1190,5,徒歩
1189,1191,8,徒歩
1189,1192,14,徒歩
1189,1291,12,徒歩
1189,1505,17,徒歩
1189,1506,11,徒歩
119,1161,12,徒歩
119,120,2,徒歩
119,142,1,小田急小田原線
119,142,13,徒歩
119,798,12,徒歩
119,966,14,徒歩
119,966,2,小田急小田原線
1190,1191,3,徒歩
1190,1192,12,徒歩
1190,1291,14,徒歩
1190,1506,16,徒歩
1191,1192,12,徒歩
1191,1291,16,徒歩
1191,1506,18,徒歩
1192,1291,10,徒歩
1192,1389,20,徒歩
1192,1506,19,徒歩
1193,1194,4,徒歩
1193,1375,17,徒歩
1193,1377,2,JR総武線
1193,1378,19,徒歩
1193,1505,18,徒歩
1193,1719,13,徒歩
1193,1720,10,徒歩
1194,1375,20,徒歩
1194,1505,16,徒歩
1194,1719,14,徒歩
1194,1720,13,徒歩
1196,1197,2,徒歩
1198,1296,3,JR京浜東北線
1198,1296,7,JR山手線
1198,1407,10,徒歩
1198,1458,14,徒歩
1199,1565,1,京王井の頭線
1199,1565,15,徒歩
1199,1733,1,京王井の頭線
12,1203,10,JR高崎線
12,1203,4,JR宇都宮線
12,139,2,JR京浜東北線
12,347,12,徒歩
12,536,2,JR宇都宮線
12,536,3,JR京浜東北線
12,536,3,JR高崎線
120,1161,1,京王井の頭線
120,1161,13,徒歩
120,1231,4,京王井の頭線
120,142,12,徒歩
120,1729,2,京王井の頭線
120,798,1,京王井の頭線
120,798,10,徒歩
120,905,3,京王井の頭線
120,966,15,徒歩
120,992,2,京王井の頭線
120,992,20,徒歩
1200,1719,13,徒歩
1200,1720,15,徒歩
1201,1516,8,JR内房線
1202,1404,8,JR内房線
1203,1607,25,JR高崎線
1203,1607,8,JR宇都宮線
1207,1721,2,京浜急行本線
121,1547,5,西武狭山線
121,1561,6,西武狭山線
1210,1211,13,徒歩
1210,1211,3,横浜新都市交通
1210,1639,15,徒歩
1210,1639,4,横浜新都市交通
1215,1216,3,徒歩
1215,1217,5,徒歩
1216,1217,6,徒歩
1219,1408,18,徒歩
1219,1567,2,銚子電鉄線
1219,1567,9,徒歩
122,490,9,JR御殿場線
1220,1358,17,徒歩
1220,1359,17,徒歩
1220,1360,18,徒歩
1220,1366,10,徒歩
1220,1367,7,徒歩
1220,1375,17,徒歩
1220,1376,13,徒歩
1220,1377,13,徒歩
1220,1378,16,徒歩
1221,1419,11,JR高崎線
1222,1343,19,徒歩
1222,1343,2,JR横浜線
1224,1738,20,徒歩
1224,1738,5,高尾登山電鉄線
1224,1739,7,徒歩
1225,1226,3,徒歩
1225,1490,19,徒歩
1226,1490,19,徒歩
1227,1374,5,西武池袋線
1228,1379,11,小田急小田原線
1229,1230,2,徒歩
1229,1231,4,徒歩
1229,1232,2,徒歩
1229,1233,4,徒歩
1229,1365,16,徒歩
123,1042,7,徒歩
123,1043,18,徒歩
123,371,1,東武東上本線
123,371,11,徒歩
123,542,2,東武東上本線
123,839,11,徒歩
1230,1231,4,徒歩
1230,1232,1,徒歩
1230,1233,3,徒歩
1230,1365,16,徒歩
1231,1232,4,徒歩
1231,1233,4,徒歩
1231,1365,1,京王井の頭線
1231,1365,13,徒歩
1232,1233,2,徒歩
1232,1365,16,徒歩
1233,1365,15,徒歩
1236,1647,15,徒歩
1236,1647,2,京浜急行大師線
1238,1239,1,徒歩
1239,1665,5,小田急江ノ島線
124,1448,15,徒歩
1240,1241,12,徒歩
1240,1263,20,徒歩
1240,1264,11,徒歩
1240,1324,2,湘南モノレール
1240,1324,9,徒歩
1240,1443,13,徒歩
1241,1264,14,徒歩
1241,1324,16,徒歩
1241,1771,14,徒歩
1241,1771,4,江ノ島電鉄線
1242,1243,13,徒歩
1242,1243,3,湘南モノレール
1242,1581,12,湘南モノレール
1244,1376,20,徒歩
1244,1377,20,徒歩
1244,1378,20,徒歩
1245,1338,5,JR東海道本線
1246,1247,4,徒歩
1246,1517,16,徒歩
1246,1605,10,徒歩
1246,1606,15,徒歩
1246,1686,19,徒歩
1246,1687,18,徒歩
1247,1517,18,徒歩
1247,1605,9,徒歩
1247,1606,12,徒歩
1247,1686,19,徒歩
1247,1687,18,徒歩
1248,1749,16,徒歩
1248,1749,2,東急田園都市線
125,1334,6,JR相模線
125,445,3,JR相模線
1250,1747,18,徒歩
1250,1747,2,新京成電鉄線
1252,1280,13,徒歩
1252,1281,17,徒歩
1252,1283,14,徒歩
1252,1527,13,徒歩
1252,1528,5,都電荒川線
1252,1528,9,徒歩
1252,1545,15,徒歩
1252,1703,4,都電荒川線
1252,1703,8,徒歩
1253,1611,5,JR京葉線
1255,1265,14,徒歩
1256,1257,1,徒歩
1256,1258,2,徒歩
1257,1258,1,徒歩
1258,1419,15,JR高崎線
1258,1521,11,JR高崎線
1259,1260,2,徒歩
1259,1303,16,徒歩
1259,1604,13,徒歩
1259,1604,2,日暮里・舎人ライナー
1259,1617,14,徒歩
1259,1617,2,日暮里・舎人ライナー
126,1536,17,徒歩
126,521,17,徒歩
126,522,15,徒歩
126,523,15,徒歩
126,523,4,東急大井町線
126,776,15,徒歩
126,776,4,東急大井町線
1260,1303,18,徒歩
1260,1604,14,徒歩
1260,1617,13,徒歩
1263,1324,12,徒歩
1263,1324,3,湘南モノレール
1263,1581,16,徒歩
1263,1581,4,湘南モノレール
1264,1324,19,徒歩
1264,1443,20,徒歩
1264,1772,4,小田急江ノ島線
1265,1371,2,JR青梅線
1267,1268,20,徒歩
1267,1363,20,徒歩
1267,1466,13,徒歩
1268,1363,8,徒歩
1268,1708,20,徒歩
1268,1709,14,徒歩
1268,1710,14,徒歩
1268,1711,17,徒歩
1268,1712,19,徒歩
127,1575,4,JR総武線
127,1760,16,徒歩
127,225,7,徒歩
127,933,3,JR総武線
127,953,18,徒歩
1274,1736,4,京王高尾線
1276,1277,3,徒歩
1276,1351,19,徒歩
1277,1351,20,徒歩
1277,1351,5,多摩モノレール
1278,1306,8,小田急小田原線
1278,1776,8,小田急小田原線
1279,1649,1,東武東上本線
1279,1649,17,徒歩
128,606,10,JR成田線我孫子支線
128,766,11,JR成田線我孫子支線
1280,1281,5,徒歩
1280,1283,1,徒歩
1280,1527,16,徒歩
1280,1703,6,徒歩
1281,1283,4,徒歩
1281,1703,10,徒歩
1283,1527,17,徒歩
1283,1703,3,都電荒川線
1283,1703,7,徒歩
1285,1589,3,小田急小田原線
1286,1465,1,京浜急行本線
1286,1465,15,徒歩
1287,1370,10,徒歩
1287,1370,2,横浜新都市交通
129,131,9,JR成田線
129,1411,14,JR成田線
1291,1389,16,徒歩
1291,1505,15,徒歩
1291,1506,11,徒歩
1292,1444,1,東急東横線
1293,1667,20,徒歩
1293,1668,3,東急田園都市線
1293,1699,4,東急田園都市線
1295,1463,5,西武新宿線
1295,1559,2,西武新宿線
1296,1458,19,徒歩
1297,1552,15,徒歩
1297,1552,3,JR京浜東北線
1297,1552,5,JR山手線
1297,1553,15,徒歩
1297,1554,15,徒歩
1297,1604,19,徒歩
1297,1732,4,JR山手線
1298,1659,20,徒歩
1298,1673,11,徒歩
1298,1673,3,江ノ島電鉄線
13,1329,3,相模鉄道本線
130,1249,18,JR成田線
130,554,12,JR成田線
1300,1649,4,東武東上本線
1301,1302,3,徒歩
1301,1303,8,徒歩
1301,1304,2,徒歩
1301,1480,8,徒歩
1301,1481,12,徒歩
1301,1482,19,徒歩
1302,1303,10,徒歩
1302,1304,2,徒歩
1302,1480,5,徒歩
1302,1481,11,徒歩
1302,1482,18,徒歩
1303,1304,4,都電荒川線
1303,1304,9,徒歩
1303,1480,15,徒歩
1303,1481,20,徒歩
1303,1604,14,徒歩
1304,1480,3,都電荒川線
1304,1480,7,徒歩
1304,1481,12,徒歩
1304,1482,19,徒歩
1305,1306,6,徒歩
1305,1328,19,JR横浜線
1305,1667,10,JR横浜線
1306,1330,4,小田急小田原線
1308,1309,2,徒歩
131,1086,13,JR成田線
1310,1764,3,JR青梅線
1312,1570,4,北総鉄道
1314,1504,3,JR宇都宮線
1316,1402,4,西武多摩川線
1317,1318,20,徒歩
1317,1755,16,徒歩
1319,1589,3,小田急小田原線
132,147,17,徒歩
132,148,1,西武新宿線
132,148,16,徒歩
132,1752,18,徒歩
132,1752,2,西武新宿線
132,1753,19,徒歩
132,1754,17,徒歩
1320,1441,3,京王線
1320,1743,4,京王線
1321,1409,6,JR川越線
1321,1544,5,JR川越線
1322,1586,8,秩父本線
1323,1683,16,徒歩
1323,1752,19,徒歩
1323,1753,16,徒歩
1323,1754,17,徒歩
1323,1754,2,JR山手線
1323,1759,17,徒歩
1324,1443,14,徒歩
1325,1326,3,徒歩
1328,1343,4,JR横浜線
133,1000,3,東武東上本線
133,500,3,徒歩
133,763,2,東武東上本線
1331,1707,14,徒歩
1331,1707,4,伊豆箱根鉄道大雄山線
1332,1515,8,JR中央本線
1332,1737,21,JR中央本線
1336,1496,12,徒歩
1336,1496,3,千葉都市モノレール1号線
134,1722,3,JR久留里線
134,647,7,JR久留里線
1340,1499,7,東急多摩川線
1340,1503,16,徒歩
1341,1788,3,JR南武線
1342,1535,2,JR南武線
1342,1592,3,JR南武線
1344,1383,3,JR南武線
1344,1387,4,JR南武線
1345,1511,11,徒歩
1345,1511,3,江ノ島電鉄線
1345,1512,14,徒歩
1345,1513,15,徒歩
1347,1685,14,徒歩
1347,1685,3,東急池上線
1348,1678,18,徒歩
1348,1678,2,JR根岸線
1348,1679,20,徒歩
1349,1432,2,西武池袋線
1349,1432,20,徒歩
1353,1676,3,JR相模線
1358,1359,3,徒歩
1358,1360,3,徒歩
1358,1405,10,徒歩
1359,1360,1,徒歩
1359,1405,13,徒歩
136,1032,13,徒歩
136,1032,3,東急世田谷線
136,1066,19,徒歩
136,137,2,徒歩
136,904,18,徒歩
136,905,18,徒歩
1360,1405,13,徒歩
1363,1709,17,徒歩
1363,1710,18,徒歩
1363,1711,20,徒歩
1365,1729,1,京王井の頭線
1365,1729,17,徒歩
1366,1367,5,徒歩
1366,1375,17,徒歩
1366,1376,16,徒歩
1366,1376,2,JR山手線
1366,1376,3,JR京浜東北線
1366,1377,16,徒歩
1366,1378,18,徒歩
1367,1375,13,徒歩
1367,1376,11,徒歩
1367,1377,12,徒歩
1367,1378,14,徒歩
1368,1517,20,徒歩
1368,1610,18,徒歩
137,1032,14,徒歩
137,1066,2,京王線
137,1066,20,徒歩
137,904,1,京王線
137,904,17,徒歩
137,905,17,徒歩
1371,1433,4,JR青梅線
1375,1376,5,徒歩
1375,1377,5,徒歩
1375,1378,4,徒歩
1375,1719,19,徒歩
1375,1720,17,徒歩
1376,1377,1,徒歩
1376,1378,3,徒歩
1377,1378,3,徒歩
1377,1720,20,徒歩
1378,1720,20,徒歩
138,1118,20,徒歩
138,1118,5,東急目黒線
138,1325,17,徒歩
138,1325,4,東急目黒線
138,1326,19,徒歩
138,202,20,徒歩
138,203,20,徒歩
138,550,19,徒歩
1381,1742,16,徒歩
1381,1742,4,多摩モノレール
1381,1743,17,徒歩
1382,1383,19,徒歩
1382,1469,12,京王相模原線
1385,1530,4,JR総武線
139,372,3,JR京浜東北線
1392,1518,13,徒歩
1392,1707,7,伊豆箱根鉄道大雄山線
1394,1761,1,京浜急行本線
1394,1761,16,徒歩
1396,1397,2,徒歩
1396,1398,2,徒歩
1396,1399,6,徒歩
1396,1400,5,徒歩
1396,1535,2,JR南武線
1396,1535,20,徒歩
1397,1398,2,徒歩
1397,1399,5,徒歩
1397,1400,5,徒歩
1398,1399,4,徒歩
1398,1400,6,徒歩
1398,1571,4,JR青梅線
1399,1400,2,多摩モノレール
1399,1400,8,徒歩
1399,1745,7,多摩モノレール
14,20,3,東急田園都市線
14,429,3,東急田園都市線
140,347,2,JR埼京線
140,409,3,JR埼京線
1401,1745,12,徒歩
1401,1745,3,多摩モノレール
1403,1548,7,東武伊勢崎線
1403,1594,9,東武伊勢崎線
1408,1567,10,徒歩
1408,1567,2,銚子電鉄線
141,1040,2,東急世田谷線
141,1040,8,徒歩
141,1467,18,徒歩
141,610,14,徒歩
1413,1642,11,JR八高線
1414,1701,8,箱根登山鉄道線
1416,1417,13,徒歩
1416,1650,16,徒歩
1416,1651,18,徒歩
1416,1652,20,徒歩
1416,1653,18,徒歩
1417,1650,15,徒歩
1417,1651,17,徒歩
1417,1652,19,徒歩
142,1076,16,徒歩
142,1076,2,小田急小田原線
142,798,10,徒歩
142,992,15,徒歩
1421,1603,19,徒歩
1421,1603,2,小田急小田原線
1422,1489,3,東急東横線
1423,1424,1,徒歩
1425,1568,15,いすみ鉄道
1426,1444,20,徒歩
1426,1445,19,徒歩
1426,1445,5,東急大井町線
1429,1430,2,徒歩
1429,1598,14,徒歩
1429,1598,2,西武豊島線
143,1082,20,徒歩
143,1083,20,徒歩
143,1193,1,JR総武線
143,1193,17,徒歩
143,1194,14,徒歩
143,1200,19,徒歩
143,144,8,徒歩
143,1505,18,徒歩
143,1655,4,JR総武線
143,990,18,徒歩
1430,1598,13,徒歩
1434,1435,2,徒歩
1435,1572,6,秩父本線
1436,1437,3,徒歩
1436,1438,5,徒歩
1437,1438,2,東京モノレール羽田線
1437,1438,8,徒歩
144,1082,20,徒歩
144,1083,20,徒歩
144,1194,20,徒歩
144,1505,19,徒歩
1440,1508,18,徒歩
1440,1508,2,新京成電鉄線
1442,1645,2,京浜急行本線
1443,1661,14,徒歩
1443,1661,4,江ノ島電鉄線
1444,1445,1,徒歩
1444,1630,7,東急東横線
1446,1447,4,日暮里・舎人ライナー
1446,1585,20,徒歩
1446,1585,3,日暮里・舎人ライナー
1447,1593,17,徒歩
1447,1593,3,日暮里・舎人ライナー
1449,1495,5,JR京葉線
145,146,15,徒歩
145,146,4,横浜新都市交通
145,722,16,徒歩
145,722,4,横浜新都市交通
1451,1696,17,徒歩
1453,1454,1,徒歩
1453,1575,5,JR総武線
1456,1574,6,JR武蔵野線
1457,1596,3,京成本線
1458,1610,11,徒歩
146,1763,12,徒歩
146,1763,3,横浜新都市交通
1464,1784,10,東武伊勢崎線
1465,1779,18,徒歩
1465,1780,20,徒歩
1465,1781,17,徒歩
1467,1541,13,徒歩
1467,1541,3,東急世田谷線
1468,1775,3,東武東上本線
1469,1793,15,徒歩
147,148,3,徒歩
147,1492,8,徒歩
147,955,18,徒歩
147,956,16,徒歩
1471,1472,1,徒歩
1471,1513,14,JR東海道本線
1471,1621,7,JR東海道本線
1473,1474,3,徒歩
1475,1591,18,徒歩
1476,1594,6,東武伊勢崎線
1477,1478,16,徒歩
1478,1664,18,徒歩
1478,1727,19,徒歩
1479,1481,14,徒歩
1479,1482,3,都電荒川線
1479,1482,7,徒歩
148,1492,10,徒歩
148,1493,20,徒歩
148,797,3,西武新宿線
148,955,20,徒歩
148,956,19,徒歩
1480,1481,4,都電荒川線
1480,1481,8,徒歩
1480,1482,16,徒歩
1481,1482,4,都電荒川線
1481,1482,8,徒歩
1483,1484,5,都電荒川線
1483,1484,9,徒歩
1485,1486,2,徒歩
1486,1577,2,JR中央線
1486,1577,4,JR総武線
1486,1681,2,JR中央線
1486,1681,3,JR総武線
1488,1489,3,徒歩
149,515,18,徒歩
149,515,5,多摩モノレール
149,533,18,徒歩
149,533,5,多摩モノレール
1491,1695,3,西武多摩湖線
1499,1500,1,徒歩
1499,1501,4,徒歩
1499,1503,13,徒歩
15,1136,5,東武伊勢崎線
15,572,5,東武伊勢崎線
150,151,2,徒歩
1500,1501,4,徒歩
1500,1503,12,徒歩
1500,1503,3,東急池上線
1501,1503,14,徒歩
1502,1531,14,徒歩
1505,1506,6,徒歩
1507,1543,3,JR京浜東北線
1509,1699,19,徒歩
1509,1699,2,東急田園都市線
151,420,4,小田急江ノ島線
151,996,4,小田急江ノ島線
1511,1512,4,徒歩
1511,1513,4,徒歩
1512,1513,1,徒歩
1512,1514,4,小田急江ノ島線
1513,1621,7,JR東海道本線
1516,1662,11,JR外房線
1517,1686,7,徒歩
1517,1687,9,徒歩
1517,1688,11,徒歩
1518,1616,4,小田急小田原線
152,213,17,徒歩
152,213,4,山万ユーカリが丘線
152,591,13,徒歩
152,591,3,山万ユーカリが丘線
1524,1525,3,徒歩
1526,1670,9,JR内房線
1527,1528,18,徒歩
1527,1703,13,徒歩
1528,1545,8,徒歩
1528,1703,16,徒歩
1529,1737,7,JR中央線
153,1667,10,JR横浜線
153,1767,6,JR横浜線
153,383,5,JR横浜線
1530,1569,12,徒歩
1533,1534,1,徒歩
1546,1592,3,JR南武線
1549,1593,17,徒歩
1549,1593,3,日暮里・舎人ライナー
155,1477,11,徒歩
155,1478,12,徒歩
155,1536,17,徒歩
155,156,3,徒歩
155,1727,20,徒歩
155,776,13,徒歩
155,879,19,徒歩
1550,1551,18,徒歩
1550,1558,15,徒歩
1550,1629,9,徒歩
1551,1629,15,徒歩
1552,1553,1,徒歩
1552,1554,5,徒歩
1553,1554,4,徒歩
1554,1604,4,日暮里・舎人ライナー
1555,1700,16,徒歩
1555,1752,15,徒歩
1555,1753,15,徒歩
1555,1754,16,徒歩
1557,1564,12,徒歩
1557,1626,16,徒歩
1558,1629,19,徒歩
1558,1752,4,西武新宿線
156,1477,10,徒歩
156,1478,11,徒歩
156,1478,3,東急大井町線
156,1536,19,徒歩
156,776,13,徒歩
156,776,3,東急大井町線
156,878,19,徒歩
156,879,17,徒歩
1560,1561,2,徒歩
1560,1626,5,西武山口線
1564,1626,1,西武山口線
1564,1626,9,徒歩
157,321,3,箱根登山鉄道鋼索線
157,321,6,徒歩
157,322,12,徒歩
157,735,16,徒歩
157,736,16,徒歩
157,737,20,徒歩
157,902,9,徒歩
1573,1574,2,徒歩
1573,1575,2,徒歩
1573,1576,5,徒歩
1574,1575,1,徒歩
1574,1576,4,徒歩
1575,1576,3,徒歩
1579,1590,3,京王線
1579,1702,1,京王線
1579,1702,13,徒歩
158,1430,3,西武池袋線
158,624,1,西武池袋線
158,624,14,徒歩
1580,1774,4,相模鉄道本線
1588,1662,8,JR外房線
159,542,2,東武東上本線
16,1787,3,東急田園都市線
160,1441,3,京王線
160,334,3,京王線
1600,1601,4,徒歩
1605,1606,11,徒歩
1606,1789,18,徒歩
1607,1608,1,徒歩
1607,1609,14,徒歩
1608,1609,14,徒歩
161,1127,3,JR埼京線
161,409,3,JR埼京線
1610,1790,13,徒歩
1610,1791,16,徒歩
1611,1674,11,徒歩
1611,1675,12,徒歩
1612,1613,1,徒歩
162,1618,19,徒歩
1622,1643,2,京浜急行本線
1623,1746,5,東武野田線
1624,1660,5,JR横須賀線
1628,1716,9,JR内房線
163,1230,3,東急東横線
163,1355,4,東急東横線
163,1444,4,東急東横線
163,265,13,徒歩
163,265,3,東急東横線
163,599,2,東急東横線
163,759,19,徒歩
1631,1640,1,西武新宿線
1631,1640,16,徒歩
1631,1786,1,西武新宿線
1631,1786,11,徒歩
1633,1634,2,徒歩
1635,1683,10,徒歩
1635,1759,10,徒歩
1635,1759,5,都電荒川線
1637,1713,11,小湊鉄道
1637,1750,10,小湊鉄道
1638,1671,10,秩父本線
1639,1644,17,徒歩
1639,1644,4,横浜新都市交通
164,916,3,JR青梅線
164,954,18,徒歩
164,954,2,JR青梅線
1643,1644,5,徒歩
1643,1645,2,京浜急行本線
1643,1645,5,京浜急行逗子線
165,166,1,徒歩
165,794,20,徒歩
1650,1651,3,徒歩
1650,1652,5,徒歩
1650,1653,8,徒歩
1651,1652,3,徒歩
1651,1653,8,徒歩
1652,1653,7,徒歩
1655,1656,3,徒歩
1655,1720,5,JR総武線快速
1657,1728,5,東武野田線
1659,1660,3,徒歩
166,1486,5,JR中央線
166,1734,2,JR中央線
166,1734,3,JR総武線
166,794,20,徒歩
166,810,5,JR中央線
166,955,4,JR中央線
166,955,4,JR総武線
1665,1744,6,小田急江ノ島線
1667,1668,2,徒歩
1667,1669,3,徒歩
1668,1669,1,徒歩
167,1550,20,徒歩
167,1551,17,徒歩
167,168,3,徒歩
167,171,20,徒歩
1674,1675,3,徒歩
1678,1679,4,徒歩
1678,1726,13,徒歩
1679,1726,10,徒歩
168,1550,19,徒歩
168,1551,18,徒歩
168,955,19,徒歩
1680,1792,7,徒歩
1681,1734,1,JR中央線
1681,1734,2,JR総武線
1683,1700,17,徒歩
1683,1759,1,徒歩
1686,1687,4,徒歩
1686,1688,5,徒歩
1687,1688,4,徒歩
1689,1775,4,東武東上本線
169,171,11,徒歩
169,794,15,徒歩
1692,1693,1,徒歩
1697,1761,1,京浜急行本線
1697,1761,10,徒歩
170,1308,4,JR南武線
170,1387,3,JR南武線
1700,1752,20,徒歩
1700,1753,18,徒歩
1700,1754,20,徒歩
1700,1759,18,徒歩
1708,1709,7,徒歩
1708,1710,6,徒歩
1708,1711,4,徒歩
1708,1712,5,徒歩
1709,1710,1,徒歩
1709,1711,4,徒歩
1709,1712,6,徒歩
171,1551,20,徒歩
171,794,16,徒歩
1710,1711,3,徒歩
1710,1712,6,徒歩
1711,1712,4,徒歩
1719,1720,3,徒歩
172,1172,20,徒歩
172,1172,5,埼玉新都市交通伊奈線
172,750,7,埼玉新都市交通伊奈線
1723,1724,2,徒歩
173,293,9,JR八高線
1731,1732,4,徒歩
1736,1737,3,徒歩
1736,1739,5,京王高尾線
174,1692,15,徒歩
174,1693,15,徒歩
174,326,13,徒歩
174,327,11,徒歩
174,513,18,徒歩
1742,1743,5,徒歩
1747,1748,1,新京成電鉄線
1747,1748,14,徒歩
175,1769,13,徒歩
175,405,18,徒歩
175,405,5,東急池上線
175,744,14,徒歩
175,744,4,東急池上線
1752,1753,3,徒歩
1752,1754,2,徒歩
1753,1754,2,徒歩
176,1249,15,JR成田線
176,767,25,JR成田線
177,178,1,徒歩
177,1784,15,東武伊勢崎線
177,465,14,東武伊勢崎線
1779,1780,2,徒歩
178,1029,2,JR宇都宮線
178,1504,9,JR宇都宮線
178,536,15,JR宇都宮線
178,858,3,JR宇都宮線
179,1182,2,JR南武線
179,1182,20,徒歩
179,618,3,JR南武線
1790,1791,5,徒歩
18,1084,5,東武東上本線
18,1122,3,東武東上本線
180,1013,6,いすみ鉄道
180,1425,7,いすみ鉄道
181,1148,4,京王井の頭線
181,453,3,京王井の頭線
181,623,1,京王井の頭線
181,623,17,徒歩
182,284,5,JR久留里線
182,717,6,JR久留里線
183,306,14,徒歩
183,642,4,西武新宿線
183,991,3,西武新宿線
184,1523,5,JR横須賀線
184,214,5,徒歩
185,1444,15,徒歩
185,1445,16,徒歩
185,1445,4,東急大井町線
185,663,13,徒歩
185,663,3,東急大井町線
186,1139,16,徒歩
186,1140,20,徒歩
186,1358,14,徒歩
186,1359,13,徒歩
186,1360,13,徒歩
186,1405,17,徒歩
186,1708,16,徒歩
186,1709,20,徒歩
186,1710,19,徒歩
186,1711,18,徒歩
186,1712,20,徒歩
186,187,2,徒歩
187,1139,14,徒歩
187,1140,19,徒歩
187,1358,14,徒歩
187,1359,13,徒歩
187,1360,13,徒歩
187,1405,18,徒歩
187,1708,15,徒歩
187,1709,19,徒歩
187,1710,19,徒歩
187,1711,17,徒歩
187,1712,19,徒歩
188,1716,10,JR内房線
188,386,10,JR内房線
189,1540,18,徒歩
189,1655,2,JR総武線
189,190,2,徒歩
189,191,15,徒歩
189,712,4,JR総武線
19,150,3,東急田園都市線
19,429,3,東急田園都市線
190,1540,19,徒歩
190,191,1,東武亀戸線
190,191,13,徒歩
191,952,17,徒歩
191,952,2,東武亀戸線
192,1423,5,JR常磐線各駅停車
192,1646,5,JR常磐線各駅停車
193,1350,2,JR青梅線
193,1619,18,徒歩
193,1619,2,JR青梅線
194,1774,6,相模鉄道本線
194,407,3,相模鉄道いずみ野線
194,706,5,相模鉄道本線
195,1574,4,JR京葉線
195,432,8,JR京葉線
196,1658,2,新京成電鉄線
196,1658,20,徒歩
197,1749,1,東急田園都市線
197,1749,13,徒歩
197,198,1,東急田園都市線
197,198,12,徒歩
198,1290,5,東急田園都市線
199,490,8,JR東海道本線
199,566,10,JR東海道本線
199,716,18,JR東海道本線
2,3,3,徒歩
20,1668,2,東急田園都市線
20,1668,20,徒歩
20,1669,20,徒歩
200,1073,20,徒歩
200,1651,20,徒歩
200,1652,17,徒歩
200,1653,17,徒歩
200,246,18,徒歩
200,555,9,徒歩
200,556,12,徒歩
200,557,11,徒歩
200,558,15,徒歩
200,559,17,徒歩
200,894,16,徒歩
200,895,15,徒歩
200,896,10,徒歩
200,925,13,徒歩
200,926,11,徒歩
200,958,9,徒歩
200,959,12,徒歩
200,960,10,徒歩
200,961,7,徒歩
201,307,9,JR内房線
201,594,13,JR内房線
202,1755,19,徒歩
202,203,2,徒歩
202,204,5,徒歩
202,548,14,徒歩
202,549,14,徒歩
202,550,2,東急池上線
202,550,7,徒歩
203,1326,3,JR山手線
203,1755,18,徒歩
203,204,3,徒歩
203,548,16,徒歩
203,549,16,徒歩
203,549,3,JR山手線
203,550,9,徒歩
204,1325,20,徒歩
204,1755,15,徒歩
204,548,18,徒歩
204,549,18,徒歩
204,550,12,徒歩
205,1078,5,東武伊勢崎線
205,657,17,徒歩
205,657,3,東武伊勢崎線
206,1058,3,小田急多摩線
206,859,3,小田急多摩線
207,1392,17,徒歩
207,1392,4,伊豆箱根鉄道大雄山線
207,1616,8,徒歩
207,211,15,徒歩
207,211,4,伊豆箱根鉄道大雄山線
208,289,2,新京成電鉄線
208,707,3,新京成電鉄線
209,453,13,徒歩
209,453,2,京王井の頭線
209,454,15,徒歩
21,1053,18,徒歩
21,1053,2,京王線
21,259,2,京王線
210,1497,20,徒歩
210,417,1,京浜急行本線
210,733,1,京浜急行本線
211,1428,6,伊豆箱根鉄道大雄山線
211,1616,9,徒歩
213,320,11,徒歩
213,320,3,山万ユーカリが丘線
213,501,20,徒歩
213,591,17,徒歩
214,348,2,京浜急行久里浜線
215,1721,1,京浜急行本線
215,505,1,京浜急行本線
215,505,16,徒歩
215,804,13,徒歩
216,1442,1,京浜急行本線
216,1442,14,徒歩
216,950,2,京浜急行本線
217,1096,6,京浜急行本線
217,1236,4,京浜急行大師線
217,1362,5,京浜急行本線
217,1782,2,京浜急行本線
217,221,3,京浜急行本線
217,301,1,京浜急行本線
217,331,1,京浜急行本線
217,680,9,徒歩
218,1286,1,京浜急行本線
218,596,1,京浜急行本線
218,805,4,徒歩
219,1622,1,京浜急行本線
219,605,2,京浜急行本線
22,159,1,東武東上本線
22,159,12,徒歩
22,83,2,東武東上本線
220,1077,17,徒歩
220,1420,18,徒歩
220,1420,2,京浜急行空港線
220,1436,9,京浜急行空港線
220,1499,17,徒歩
220,1500,17,徒歩
220,1501,15,徒歩
220,221,1,徒歩
221,1077,1,京浜急行本線
221,1077,17,徒歩
221,1176,10,京浜急行本線
221,1420,18,徒歩
221,1499,17,徒歩
221,1500,17,徒歩
221,1501,15,徒歩
221,1684,1,京浜急行本線
221,472,7,京浜急行本線
221,563,2,京浜急行本線
221,715,2,京浜急行本線
222,1181,1,京浜急行久里浜線
223,1465,1,京浜急行本線
223,1465,17,徒歩
223,1779,5,徒歩
223,1780,5,徒歩
223,1782,1,京浜急行本線
223,493,14,徒歩
224,1064,20,徒歩
224,1244,12,徒歩
224,1389,16,徒歩
224,268,12,徒歩
224,745,10,徒歩
224,824,19,徒歩
224,825,18,徒歩
224,888,5,京成本線
224,932,20,徒歩
225,1760,14,徒歩
225,1760,2,京成本線
225,953,16,徒歩
225,953,2,京成本線
226,239,13,京成本線
226,525,5,京成本線
227,1487,19,徒歩
227,1487,2,京成本線
227,1760,2,京成本線
227,1760,20,徒歩
227,933,7,徒歩
227,934,3,徒歩
228,1056,9,徒歩
228,1496,13,徒歩
228,394,2,徒歩
228,395,5,徒歩
228,396,5,徒歩
228,400,12,徒歩
228,400,2,京成千葉線
228,401,20,徒歩
228,703,17,徒歩
228,800,11,徒歩
228,800,2,京成千葉線
228,968,19,徒歩
229,236,6,京成本線
229,609,5,京成本線
23,1469,14,徒歩
23,1793,16,徒歩
23,1793,2,小田急多摩線
23,654,5,小田急多摩線
230,304,6,京成本線
230,345,4,京成本線
231,1156,3,京成本線
231,245,5,京成本線
231,636,20,徒歩
232,1087,5,京成千葉線
232,233,7,京成千葉線
232,708,5,徒歩
233,236,7,京成千葉線
233,709,1,徒歩
234,1393,19,京成本線
234,323,7,京成本線
234,766,4,徒歩
235,309,4,京成押上線
235,785,4,京成押上線
235,919,7,徒歩
235,969,13,徒歩
236,1183,19,徒歩
236,1596,4,京成本線
236,853,1,新京成電鉄線
236,853,15,徒歩
237,1087,9,京成千葉線
237,1385,12,徒歩
238,1698,4,京成押上線
238,480,5,京成押上線
24,282,4,西武池袋線
24,957,3,西武池袋線
240,1007,16,徒歩
240,1214,4,京成本線
240,1453,5,徒歩
240,1454,5,徒歩
240,567,18,徒歩
240,567,2,京成本線
241,1214,4,京成本線
241,1573,12,徒歩
241,1574,11,徒歩
241,1575,10,徒歩
241,1576,10,徒歩
241,953,1,京成本線
241,953,13,徒歩
242,1636,15,徒歩
242,525,5,京成本線
242,607,5,京成本線
243,1052,5,京成金町線
243,1646,3,徒歩
244,1266,2,徒歩
244,351,17,徒歩
244,352,18,徒歩
244,353,18,徒歩
244,354,18,徒歩
244,385,4,京成本線
244,506,11,徒歩
244,507,4,京成本線
245,1052,20,徒歩
245,1052,3,京成金町線
245,1698,3,京成本線
245,1698,4,京成押上線
245,841,2,北総鉄道
246,1019,18,徒歩
246,1020,17,徒歩
246,1473,18,徒歩
246,1474,19,徒歩
246,1650,15,徒歩
246,1651,16,徒歩
246,1652,14,徒歩
246,1653,8,徒歩
246,299,16,徒歩
246,300,14,徒歩
246,556,20,徒歩
246,608,5,徒歩
246,817,16,徒歩
246,891,15,徒歩
246,892,13,徒歩
246,893,15,徒歩
246,895,19,徒歩
246,896,19,徒歩
246,925,14,徒歩
246,926,15,徒歩
246,958,10,徒歩
246,959,11,徒歩
246,960,12,徒歩
246,961,15,徒歩
247,1382,6,京王相模原線
247,254,5,京王相模原線
248,315,9,徒歩
248,316,10,徒歩
248,379,4,京王線
249,250,8,京王相模原線
249,416,8,京王相模原線
25,1346,9,秩父本線
25,579,10,秩父本線
250,1030,16,徒歩
250,252,8,京王相模原線
250,514,4,徒歩
250,653,1,徒歩
251,1590,4,京王相模原線
251,254,4,京王相模原線
252,1469,10,京王相模原線
252,654,1,徒歩
253,1261,13,徒歩
253,379,6,京王高尾線
253,668,5,京王高尾線
254,1387,8,徒歩
255,1138,9,徒歩
255,1200,12,徒歩
255,1473,17,徒歩
255,1474,14,徒歩
255,1719,14,徒歩
255,1720,17,徒歩
255,256,1,徒歩
255,629,12,徒歩
255,829,17,徒歩
255,891,16,徒歩
255,892,19,徒歩
255,893,18,徒歩
255,990,14,徒歩
256,1138,10,徒歩
256,1200,13,徒歩
256,1473,17,徒歩
256,1474,15,徒歩
256,1719,13,徒歩
256,1720,16,徒歩
256,629,11,徒歩
256,829,16,徒歩
256,891,16,徒歩
256,892,19,徒歩
256,893,17,徒歩
256,990,14,徒歩
257,455,16,徒歩
257,455,4,埼玉新都市交通伊奈線
257,975,17,徒歩
257,975,4,埼玉新都市交通伊奈線
258,288,3,西武池袋線
258,298,6,西武池袋線
259,391,3,京王線
26,1778,4,東武東上本線
26,89,3,東武東上本線
260,261,2,徒歩
260,356,14,徒歩
260,403,19,徒歩
260,419,6,徒歩
260,447,19,徒歩
260,806,10,徒歩
260,807,12,徒歩
260,808,14,徒歩
260,809,15,徒歩
260,810,15,徒歩
260,811,17,徒歩
260,812,20,徒歩
260,813,19,徒歩
260,814,18,徒歩
260,815,20,徒歩
260,861,15,徒歩
261,356,14,徒歩
261,403,18,徒歩
261,403,2,JR中央線
261,403,2,JR総武線
261,419,7,徒歩
261,443,3,JR山手線
261,447,20,徒歩
261,806,10,徒歩
261,807,13,徒歩
261,808,14,徒歩
261,808,4,JR山手線
261,809,15,徒歩
261,810,1,JR中央線
261,810,1,JR総武線
261,810,15,徒歩
261,811,18,徒歩
261,812,20,徒歩
261,813,18,徒歩
261,814,17,徒歩
261,815,19,徒歩
261,861,15,徒歩
262,263,18,徒歩
262,263,2,小田急小田原線
262,264,19,徒歩
262,710,18,徒歩
262,966,15,徒歩
262,966,2,小田急小田原線
263,264,2,徒歩
263,447,3,小田急小田原線
265,1230,5,東急東横線
265,758,13,徒歩
265,759,10,徒歩
266,1410,1,京王線
266,1410,16,徒歩
266,798,20,徒歩
266,904,18,徒歩
266,904,2,京王線
266,905,17,徒歩
266,992,20,徒歩
267,1587,12,徒歩
267,1587,3,銚子電鉄線
267,1654,12,徒歩
267,1654,3,銚子電鉄線
268,1244,12,徒歩
268,1375,20,徒歩
268,1376,20,徒歩
268,1377,20,徒歩
268,1378,18,徒歩
268,1389,16,徒歩
268,745,3,徒歩
268,824,12,徒歩
268,825,11,徒歩
268,932,12,徒歩
269,1009,17,徒歩
269,1010,4,徒歩
269,1361,1,京浜急行本線
269,1361,20,徒歩
269,1362,1,京浜急行本線
269,1362,13,徒歩
269,448,19,徒歩
27,1050,2,東武東上本線
27,1778,2,東武東上本線
271,1070,20,徒歩
271,1348,20,徒歩
271,1678,10,徒歩
271,1679,13,徒歩
271,1680,16,徒歩
271,1792,19,徒歩
271,881,16,徒歩
272,1777,11,小田急小田原線
272,761,10,小田急小田原線
273,1439,6,埼玉新都市交通伊奈線
273,750,6,埼玉新都市交通伊奈線
274,1490,18,徒歩
274,1540,20,徒歩
274,1655,19,徒歩
274,275,1,徒歩
275,1490,18,徒歩
275,1540,19,徒歩
275,1655,18,徒歩
275,1656,20,徒歩
276,1269,8,JR総武本線
276,1636,15,JR成田線
276,436,9,JR総武本線
277,1717,10,JR成田線
277,554,9,JR成田線
278,573,9,JR内房線
279,401,15,徒歩
279,401,4,千葉都市モノレール2号線
279,580,14,徒歩
279,580,4,千葉都市モノレール2号線
28,1633,7,千葉都市モノレール2号線
28,342,20,徒歩
28,342,5,千葉都市モノレール2号線
280,1094,3,JR横須賀線
280,1094,3,JR湘南新宿ライン
280,584,16,徒歩
280,986,5,JR横須賀線
280,986,5,JR湘南新宿ライン
281,1202,7,JR内房線
281,601,7,JR内房線
282,564,4,西武池袋線
283,1692,17,徒歩
283,1693,17,徒歩
283,403,19,徒歩
283,403,2,JR中央線
283,403,2,JR総武線
283,481,2,JR中央線
283,481,2,JR総武線
283,483,18,徒歩
283,492,12,徒歩
284,647,3,JR久留里線
285,1275,5,JR総武本線
285,1706,7,JR総武本線
286,1676,3,JR相模線
286,616,3,JR相模線
287,1119,7,東急東横線
287,882,7,東急東横線
288,1714,6,西武池袋線
29,1530,13,徒歩
29,1569,20,徒歩
29,1569,3,京成千葉線
29,237,6,京成千葉線
290,1348,17,徒歩
290,890,18,徒歩
290,890,2,横浜みなとみらい線
292,1725,10,小湊鉄道
293,1031,11,JR八高線
294,1273,7,西武新宿線
294,827,9,西武新宿線
295,1415,10,箱根登山鉄道線
295,1701,20,徒歩
295,1701,5,箱根登山鉄道線
296,1217,6,JR相模線
296,1334,4,JR相模線
296,730,16,徒歩
297,1773,12,徒歩
298,1388,17,徒歩
298,1388,2,西武池袋線
299,1416,18,徒歩
299,1473,11,徒歩
299,1474,13,徒歩
299,1611,3,JR京葉線
299,300,3,徒歩
299,608,12,徒歩
299,817,13,徒歩
299,891,17,徒歩
299,892,19,徒歩
299,893,19,徒歩
299,958,2,JR京葉線
3,1159,3,東急田園都市線
3,16,3,東急田園都市線
30,1070,19,徒歩
30,1071,15,徒歩
30,1095,3,横浜みなとみらい線
30,1726,1,横浜みなとみらい線
30,1726,19,徒歩
30,1741,17,徒歩
30,290,4,横浜みなとみらい線
30,875,15,徒歩
30,875,2,横浜みなとみらい線
300,1416,19,徒歩
300,1473,10,徒歩
300,1474,12,徒歩
300,1653,20,徒歩
300,608,10,徒歩
300,817,14,徒歩
300,891,14,徒歩
300,892,16,徒歩
300,893,17,徒歩
301,1782,1,京浜急行本線
301,1782,16,徒歩
301,302,1,徒歩
301,682,18,徒歩
302,1782,16,徒歩
302,661,4,JR南武支線
302,682,18,徒歩
302,682,3,JR南武支線
303,305,16,東葉高速鉄道
303,951,8,東葉高速鉄道
304,609,7,京成本線
305,1455,7,東葉高速鉄道
306,1117,7,西武多摩湖線
306,1491,19,徒歩
306,1491,2,西武多摩湖線
306,638,18,徒歩
307,1201,5,JR内房線
308,1462,1,京王線
308,1462,12,徒歩
309,480,16,徒歩
309,480,3,京成押上線
309,969,18,徒歩
31,1038,1,新京成電鉄線
31,1038,13,徒歩
31,313,1,新京成電鉄線
31,313,17,徒歩
31,799,19,徒歩
310,1704,7,JR総武本線
310,711,12,JR総武本線
311,1210,18,徒歩
311,1211,10,徒歩
311,1211,2,横浜新都市交通
311,698,19,徒歩
311,698,5,横浜新都市交通
312,1599,4,東武野田線
312,912,19,徒歩
312,912,2,東武野田線
312,913,20,徒歩
313,707,4,新京成電鉄線
313,799,2,徒歩
314,330,7,つくばエクスプレス線
315,1261,4,JR横浜線
315,316,3,徒歩
316,1397,19,JR中央線
316,1529,5,JR中央線
316,1602,9,JR中央線
316,1737,12,JR中央線
316,349,6,JR八高線
317,1261,3,JR横浜線
317,1327,6,JR横浜線
318,1470,10,JR外房線
319,1091,8,JR総武本線
319,884,13,JR総武本線
32,1274,5,京王高尾線
32,668,4,京王高尾線
320,501,11,徒歩
320,501,3,山万ユーカリが丘線
320,591,17,徒歩
320,591,4,山万ユーカリが丘線
321,322,3,箱根登山鉄道鋼索線
321,322,6,徒歩
321,735,10,徒歩
321,736,10,徒歩
321,737,15,徒歩
321,902,15,徒歩
322,735,2,箱根登山鉄道鋼索線
322,735,4,徒歩
322,736,5,徒歩
322,737,12,徒歩
323,607,4,京成本線
324,1239,4,小田急江ノ島線
324,478,7,小田急江ノ島線
325,1746,3,東武野田線
325,872,3,東武野田線
326,1791,17,徒歩
326,327,3,徒歩
326,328,15,徒歩
327,1791,19,徒歩
327,328,14,徒歩
328,1246,16,徒歩
328,1247,18,徒歩
328,1368,12,徒歩
328,1605,17,徒歩
328,1791,20,徒歩
329,1364,9,京浜急行逗子線
329,1643,4,京浜急行逗子線
33,1238,5,相模鉄道いずみ野線
33,135,6,徒歩
330,1690,3,つくばエクスプレス線
331,1236,16,徒歩
331,1684,1,京浜急行本線
332,1439,6,埼玉新都市交通伊奈線
333,1073,20,徒歩
333,1151,17,徒歩
333,1152,15,徒歩
333,1517,10,徒歩
333,1650,19,徒歩
333,1651,17,徒歩
333,1652,18,徒歩
333,1686,10,徒歩
333,1687,13,徒歩
333,1688,12,徒歩
333,746,20,徒歩
333,847,12,徒歩
333,848,12,徒歩
333,849,9,徒歩
333,850,8,徒歩
333,894,12,徒歩
333,895,15,徒歩
333,896,19,徒歩
333,925,20,徒歩
333,926,20,徒歩
334,335,2,徒歩
334,726,2,京王線
334,727,17,徒歩
334,728,17,徒歩
335,1546,2,JR南武線
335,727,16,徒歩
335,728,1,JR南武線
335,728,17,徒歩
336,1551,20,徒歩
336,419,20,徒歩
336,447,12,徒歩
336,710,2,京王新線
336,861,3,京王新線
337,1657,20,徒歩
337,1658,4,新京成電鉄線
337,871,1,新京成電鉄線
337,871,17,徒歩
337,872,18,徒歩
338,1157,3,東武野田線
338,1186,3,東武野田線
339,1508,3,新京成電鉄線
339,853,2,新京成電鉄線
34,1391,12,徒歩
34,1391,3,千葉都市モノレール2号線
34,342,17,徒歩
34,342,5,千葉都市モノレール2号線
340,1648,10,埼玉新都市交通伊奈線
340,615,18,徒歩
340,975,16,徒歩
340,975,4,埼玉新都市交通伊奈線
341,1464,14,東武伊勢崎線
341,431,18,東武伊勢崎線
343,920,17,徒歩
343,921,19,徒歩
344,1770,7,JR外房線
344,741,12,JR外房線
345,1015,3,徒歩
345,754,5,京成本線
346,1075,4,JR高崎線
347,536,4,JR埼京線
348,804,1,京浜急行久里浜線
348,804,19,徒歩
349,635,4,JR八高線
35,36,20,徒歩
350,871,18,徒歩
350,871,2,新京成電鉄線
350,872,17,徒歩
351,1037,19,JR常磐線快速
351,1266,17,徒歩
351,1423,5,JR常磐線各駅停車
351,352,1,徒歩
351,353,3,徒歩
351,354,3,徒歩
351,385,20,徒歩
351,412,3,JR常磐線快速
352,1266,17,徒歩
352,353,3,徒歩
352,354,3,徒歩
352,385,20,徒歩
353,1266,17,徒歩
353,1266,3,東武伊勢崎線
353,354,1,徒歩
353,657,4,東武伊勢崎線
354,1266,17,徒歩
354,1690,6,つくばエクスプレス線
354,411,4,つくばエクスプレス線
355,1179,9,徒歩
355,1180,16,徒歩
355,1664,13,徒歩
355,545,16,徒歩
355,545,4,東急大井町線
355,546,16,徒歩
355,878,17,徒歩
355,878,4,東急大井町線
355,879,19,徒歩
356,403,13,徒歩
356,419,17,徒歩
356,443,17,徒歩
356,492,18,徒歩
357,472,1,京浜急行本線
357,472,12,徒歩
357,473,13,徒歩
357,474,15,徒歩
357,475,16,徒歩
357,873,1,京浜急行本線
357,873,14,徒歩
358,1339,3,北総鉄道
358,1372,3,北総鉄道
359,1735,6,東武東上本線
359,503,3,東武東上本線
360,1648,14,徒歩
360,539,2,東武野田線
360,541,2,東武野田線
360,541,20,徒歩
361,421,5,JR常磐線各駅停車
361,836,2,JR常磐線各駅停車
363,1534,5,JR武蔵野線
363,727,4,JR武蔵野線
364,1127,5,JR埼京線
364,773,3,JR埼京線
365,862,18,徒歩
366,595,6,東武伊勢崎線
366,913,5,東武伊勢崎線
367,1566,11,JR武蔵野線
367,823,7,JR武蔵野線
367,928,3,徒歩
368,1075,11,JR高崎線
368,1768,8,JR高崎線
369,1037,4,JR常磐線各駅停車
369,1723,3,JR常磐線各駅停車
37,1451,15,徒歩
37,1451,4,新交通ゆりかもめ
37,1696,16,徒歩
37,1696,4,新交通ゆりかもめ
370,1046,5,JR常磐線各駅停車
370,769,4,JR常磐線各駅停車
371,1042,12,徒歩
371,1168,2,東武東上本線
371,839,20,徒歩
372,1203,4,JR京浜東北線
374,1440,1,新京成電鉄線
374,1440,14,徒歩
374,1748,18,徒歩
374,1748,2,新京成電鉄線
374,375,1,徒歩
375,1440,15,徒歩
375,1455,10,東葉高速鉄道
375,1705,12,東葉高速鉄道
375,1748,18,徒歩
376,1472,2,JR相模線
376,1718,4,JR相模線
377,1209,3,JR埼京線
377,1607,4,JR埼京線
378,1614,6,東武伊勢崎線
378,572,10,東武伊勢崎線
379,1666,2,京王線
38,963,7,ディズニーリゾートライン
38,964,19,徒歩
38,964,5,ディズニーリゾートライン
380,1094,20,JR横須賀線
380,1660,3,JR横須賀線
380,571,3,JR横須賀線
381,1768,9,JR高崎線
381,462,6,JR高崎線
382,1717,5,JR鹿島線
383,1667,4,JR横浜線
384,1042,4,JR埼京線
384,1607,4,JR埼京線
384,967,12,徒歩
385,1302,4,京成本線
385,412,18,徒歩
386,390,4,JR内房線
387,388,17,徒歩
387,388,4,千葉都市モノレール2号線
388,631,19,徒歩
388,631,5,千葉都市モノレール2号線
389,1584,20,徒歩
39,1151,18,徒歩
39,1198,2,徒歩
39,1407,11,徒歩
39,1458,14,徒歩
39,575,3,徒歩
39,576,5,徒歩
39,583,22,東京モノレール羽田線
39,746,15,徒歩
39,880,16,徒歩
390,408,8,JR内房線
391,1462,1,京王線
391,1462,16,徒歩
392,1356,4,小田急小田原線
392,1421,3,小田急小田原線
393,1313,20,徒歩
393,1731,19,徒歩
393,688,16,徒歩
393,689,18,徒歩
393,947,19,徒歩
394,1056,2,千葉都市モノレール1号線
394,1056,9,徒歩
394,1496,14,徒歩
394,395,4,徒歩
394,396,4,徒歩
394,400,13,徒歩
394,401,19,徒歩
394,401,5,千葉都市モノレール2号線
394,703,17,徒歩
394,703,4,千葉都市モノレール1号線
394,800,10,徒歩
394,968,19,徒歩
395,1056,11,徒歩
395,1496,17,徒歩
395,396,2,徒歩
395,400,16,徒歩
395,401,17,徒歩
395,703,17,徒歩
395,800,8,徒歩
395,935,3,JR内房線
395,935,3,JR外房線
395,968,19,徒歩
396,1056,10,徒歩
396,1385,5,JR総武線快速
396,1496,16,徒歩
396,1530,3,JR総武線
396,400,16,徒歩
396,401,16,徒歩
396,703,19,徒歩
396,800,10,徒歩
396,968,18,徒歩
396,968,2,JR総武本線
397,1386,8,JR京葉線
397,1516,8,JR京葉線
397,398,1,徒歩
397,703,9,徒歩
397,800,17,徒歩
398,703,2,千葉都市モノレール1号線
398,703,9,徒歩
398,800,16,徒歩
399,440,11,北総鉄道
399,634,9,北総鉄道
4,33,3,相模鉄道いずみ野線
4,5,5,相模鉄道いずみ野線
40,239,7,京成本線
40,41,2,徒歩
40,501,10,徒歩
40,754,3,京成本線
400,1056,13,徒歩
400,1336,12,徒歩
400,1496,6,徒歩
400,402,9,京成千原線
400,703,19,徒歩
400,800,20,徒歩
400,935,18,徒歩
401,1056,16,徒歩
401,968,10,徒歩
402,1516,19,徒歩
402,561,6,京成千原線
403,492,7,徒歩
403,815,17,徒歩
404,1064,20,徒歩
404,1552,16,徒歩
404,1553,16,徒歩
404,1554,20,徒歩
404,886,14,徒歩
404,887,15,徒歩
404,888,16,徒歩
404,889,16,徒歩
404,947,18,徒歩
405,1125,12,徒歩
405,1162,6,東急池上線
406,1145,17,徒歩
406,1146,17,徒歩
406,1147,17,徒歩
406,1789,8,徒歩
406,692,18,徒歩
406,693,20,徒歩
406,694,18,徒歩
406,695,16,徒歩
406,696,19,徒歩
407,1427,4,相模鉄道いずみ野線
408,469,10,JR内房線
41,320,20,徒歩
41,501,10,徒歩
41,501,2,山万ユーカリが丘線
410,1479,19,徒歩
410,411,2,徒歩
410,412,6,徒歩
411,1192,5,つくばエクスプレス線
411,1479,19,徒歩
411,412,5,徒歩
413,684,7,JR川越線
413,790,10,JR川越線
414,1383,3,JR南武線
414,728,5,JR南武線
414,917,16,徒歩
415,855,6,西武新宿線
415,937,8,西武新宿線
416,516,7,京王相模原線
417,1497,16,徒歩
417,1792,1,京浜急行本線
417,1792,18,徒歩
417,456,10,徒歩
418,1743,4,京王線
418,718,3,京王線
419,1629,20,徒歩
419,447,15,徒歩
419,447,2,小田急小田原線
419,806,9,徒歩
419,807,11,徒歩
419,808,15,徒歩
419,809,15,徒歩
419,810,15,徒歩
419,811,18,徒歩
419,811,2,小田急小田原線
419,812,20,徒歩
419,814,20,徒歩
419,861,15,徒歩
42,1449,4,徒歩
42,963,20,徒歩
42,963,5,ディズニーリゾートライン
42,964,12,徒歩
42,964,3,ディズニーリゾートライン
420,1783,1,小田急江ノ島線
420,1783,13,徒歩
421,1046,5,JR常磐線各駅停車
422,1060,7,東武日光線
422,721,10,東武日光線
423,1510,6,東武野田線
423,687,5,東武野田線
424,1103,4,JR相模線
425,1762,15,徒歩
425,426,3,徒歩
425,837,4,JR武蔵野線
426,1187,5,つくばエクスプレス線
426,1762,17,徒歩
427,1004,8,JR武蔵野線
427,1128,4,JR武蔵野線
427,428,2,徒歩
428,1203,8,JR京浜東北線
428,1507,7,JR京浜東北線
428,536,10,JR京浜東北線
428,967,16,JR京浜東北線
43,1136,7,東武伊勢崎線
43,913,8,東武伊勢崎線
431,1434,12,東武伊勢崎線
432,1457,19,徒歩
432,863,5,JR京葉線
434,1615,6,JR武蔵野線
434,868,3,徒歩
434,981,10,JR武蔵野線
435,1763,17,徒歩
435,1763,5,横浜新都市交通
435,834,7,横浜新都市交通
436,1091,6,JR総武本線
437,1681,13,徒歩
438,1765,3,埼玉高速鉄道
438,678,3,埼玉高速鉄道
439,440,8,北総鉄道
441,1215,4,小田急小田原線
441,442,3,徒歩
441,936,3,小田急小田原線
442,1217,3,JR相模線
442,1353,6,JR相模線
443,1229,4,JR山手線
443,907,6,徒歩
444,1172,17,徒歩
444,1172,4,埼玉新都市交通伊奈線
444,455,16,徒歩
444,455,4,埼玉新都市交通伊奈線
445,1307,5,JR相模線
448,1009,2,東急東横線
448,1010,17,徒歩
448,1094,20,徒歩
448,1095,20,徒歩
448,1096,19,徒歩
448,1097,19,徒歩
448,1097,4,東急東横線
448,1361,8,徒歩
449,1222,6,JR横浜線
449,1305,7,JR横浜線
45,1539,3,東武越生線
45,502,6,東武越生線
450,1764,4,JR青梅線
450,676,2,JR青梅線
451,1451,11,徒歩
451,1451,3,新交通ゆりかもめ
451,1696,19,徒歩
451,962,13,徒歩
452,1615,4,JR武蔵野線
452,793,7,JR武蔵野線
453,454,2,徒歩
454,1486,4,JR中央線
454,1577,2,JR中央線
454,1577,4,JR総武線
456,1497,19,徒歩
456,1680,13,徒歩
456,1792,13,徒歩
457,1285,6,小田急小田原線
457,1308,13,徒歩
457,1309,1,小田急小田原線
457,1309,12,徒歩
458,1002,13,徒歩
458,1003,11,徒歩
458,1003,6,都電荒川線
458,1635,17,徒歩
458,532,9,徒歩
458,534,11,徒歩
458,534,6,都電荒川線
458,690,16,徒歩
458,803,11,徒歩
459,1119,17,徒歩
459,1120,1,JR南武線
459,1120,17,徒歩
459,720,3,JR南武線
46,1695,3,西武多摩湖線
46,487,7,西武多摩湖線
460,1219,19,徒歩
460,1219,5,銚子電鉄線
460,1270,18,徒歩
460,1270,5,銚子電鉄線
461,1691,8,JR内房線
461,931,14,JR内房線
462,1521,5,JR高崎線
463,1532,8,西武秩父線
463,970,8,西武池袋線
464,763,4,東武東上本線
464,927,2,東武東上本線
465,998,11,東武伊勢崎線
466,1271,1,小田急小田原線
466,1271,13,徒歩
466,1308,17,徒歩
466,1309,17,徒歩
466,1309,2,小田急小田原線
467,1298,2,江ノ島電鉄線
467,1298,8,徒歩
467,1659,14,徒歩
467,1659,3,江ノ島電鉄線
467,1660,16,徒歩
467,1673,18,徒歩
468,509,10,伊豆箱根鉄道大雄山線
468,622,17,徒歩
468,622,4,伊豆箱根鉄道大雄山線
469,1160,10,JR内房線
47,1223,3,東武野田線
47,687,4,東武野田線
470,909,3,相模鉄道本線
471,1322,15,秩父本線
471,574,19,秩父本線
472,1176,2,京浜急行本線
472,1697,3,京浜急行本線
472,1755,17,徒歩
472,473,2,徒歩
472,474,4,徒歩
472,475,6,徒歩
473,1296,7,JR山手線
473,1755,17,徒歩
473,474,2,徒歩
473,475,5,徒歩
473,549,6,JR山手線
474,1094,17,JR東海道本線
474,1120,9,JR横須賀線
474,1296,8,JR京浜東北線
474,1513,38,JR東海道本線
474,1536,5,JR横須賀線
474,1755,18,徒歩
474,475,3,徒歩
474,521,4,JR京浜東北線
474,571,33,JR東海道本線
474,571,38,JR横須賀線
474,680,9,JR東海道本線
474,849,4,JR東海道本線
474,849,5,JR横須賀線
474,960,7,JR横須賀線
474,960,8,JR東海道本線
475,1176,20,徒歩
475,1755,19,徒歩
476,1697,13,徒歩
476,1761,17,徒歩
476,522,3,東京りんかい線
476,582,2,東京りんかい線
477,653,4,小田急多摩線
478,1514,4,小田急江ノ島線
479,1271,2,小田急小田原線
479,1271,20,徒歩
479,762,3,小田急小田原線
48,531,3,東武野田線
48,673,6,東武野田線
481,1789,13,徒歩
481,692,1,JR中央線
481,692,15,徒歩
481,693,20,徒歩
481,694,1,JR総武線
481,694,15,徒歩
481,695,18,徒歩
481,696,20,徒歩
481,748,5,JR中央線
481,810,5,JR中央線
482,1269,9,JR総武本線
482,1634,7,JR総武本線
483,492,20,徒歩
483,815,16,徒歩
483,918,12,徒歩
484,1073,19,徒歩
484,1145,10,徒歩
484,1146,13,徒歩
484,1147,14,徒歩
484,1246,5,徒歩
484,1247,4,徒歩
484,1517,15,徒歩
484,1605,13,徒歩
484,1606,13,徒歩
484,1686,16,徒歩
484,1687,15,徒歩
484,1688,18,徒歩
484,485,6,徒歩
485,1073,14,徒歩
485,1145,10,徒歩
485,1146,14,徒歩
485,1147,14,徒歩
485,1246,10,徒歩
485,1247,9,徒歩
485,1517,14,徒歩
485,1605,18,徒歩
485,1606,16,徒歩
485,1686,13,徒歩
485,1687,11,徒歩
485,1688,14,徒歩
486,1121,5,JR中央線
486,1533,3,JR中央線
486,487,4,徒歩
486,756,5,西武国分寺線
488,857,8,いすみ鉄道
489,1156,15,徒歩
489,1156,2,京成本線
489,699,19,徒歩
489,702,19,徒歩
489,702,2,京成本線
49,1384,6,江ノ島電鉄線
49,1661,18,徒歩
49,1661,5,江ノ島電鉄線
490,1766,6,JR東海道本線
490,649,12,JR東海道本線
490,716,26,JR東海道本線
491,1397,7,JR中央線
491,1533,4,JR中央線
493,1286,20,徒歩
493,1465,6,徒歩
493,1779,16,徒歩
493,1779,3,JR鶴見線
493,1780,18,徒歩
493,1781,14,徒歩
493,1781,2,JR鶴見線
494,1024,3,東京りんかい線
494,495,10,徒歩
494,923,3,徒歩
494,924,14,徒歩
494,962,3,東京りんかい線
495,1696,6,新交通ゆりかもめ
495,923,11,徒歩
495,923,3,新交通ゆりかもめ
496,1053,18,徒歩
496,1053,2,京王線
496,705,1,京王線
496,705,13,徒歩
497,536,3,JR宇都宮線
497,541,18,徒歩
497,973,2,JR宇都宮線
498,1588,12,JR外房線
498,568,9,JR外房線
499,763,4,徒歩
5,734,3,相模鉄道いずみ野線
50,1299,7,多摩モノレール
50,1742,7,多摩モノレール
502,503,1,徒歩
503,1468,3,東武東上本線
504,535,20,徒歩
504,535,5,いすみ鉄道
505,1102,2,京浜急行本線
505,1337,1,京浜急行本線
505,804,1,京浜急行久里浜線
505,804,15,徒歩
506,1266,11,徒歩
506,1266,2,東武伊勢崎線
506,1663,4,東武伊勢崎線
508,1415,19,徒歩
508,1415,5,箱根登山鉄道線
508,553,11,箱根登山鉄道線
509,671,2,伊豆箱根鉄道大雄山線
509,671,7,徒歩
51,1254,5,相模鉄道本線
51,706,3,相模鉄道本線
510,1728,5,東武野田線
510,864,2,東武野田線
511,1623,2,東武野田線
511,1623,20,徒歩
511,840,2,東武野田線
512,1270,17,徒歩
512,1270,5,銚子電鉄線
513,1524,16,徒歩
513,1525,16,徒歩
513,1692,13,徒歩
513,1693,13,徒歩
514,1030,18,徒歩
514,1030,5,多摩モノレール
514,653,4,徒歩
515,1381,20,徒歩
515,1381,5,多摩モノレール
515,1742,5,京王動物園線
516,1104,8,京王相模原線
517,1119,2,東急東横線
517,1174,18,徒歩
517,1174,5,東急多摩川線
517,1292,1,東急東横線
517,1292,18,徒歩
517,1292,5,東急目黒線
517,795,3,東急東横線
517,795,7,東急目黒線
517,882,3,東急東横線
518,1316,4,西武多摩川線
518,820,6,西武多摩川線
519,1133,18,徒歩
519,1133,2,京王線
519,1316,14,徒歩
519,983,1,京王線
519,983,14,徒歩
52,53,18,徒歩
520,1550,17,徒歩
520,1558,12,徒歩
520,802,6,徒歩
520,810,2,JR中央線
520,810,2,JR総武線
520,812,20,徒歩
520,816,17,徒歩
520,955,3,JR中央線
520,955,3,JR総武線
520,988,20,徒歩
520,989,20,徒歩
521,1697,16,徒歩
521,1761,15,徒歩
521,522,2,徒歩
521,523,3,徒歩
521,560,3,JR京浜東北線
522,1697,17,徒歩
522,1761,16,徒歩
522,523,1,徒歩
522,548,3,東京りんかい線
523,1697,17,徒歩
523,1761,17,徒歩
524,1188,9,東京モノレール羽田線
524,1394,17,徒歩
524,583,18,東京モノレール羽田線
526,1422,3,東急東横線
526,1489,7,東急東横線
527,1208,7,JR外房線
527,1537,9,いすみ鉄道
528,1010,4,JR横浜線
528,1488,5,JR横浜線
528,596,18,徒歩
528,805,19,徒歩
529,1065,6,小田急江ノ島線
529,1783,7,小田急江ノ島線
529,530,1,徒歩
53,448,20,徒歩
530,1254,5,相模鉄道本線
530,1329,5,相模鉄道本線
531,541,4,東武野田線
532,1003,20,徒歩
532,1165,6,JR山手線
532,534,3,徒歩
532,688,2,JR山手線
532,689,19,徒歩
532,690,8,徒歩
532,725,17,徒歩
532,803,13,徒歩
533,1030,16,徒歩
533,1030,4,多摩モノレール
534,689,17,徒歩
534,690,5,都電荒川線
534,690,9,徒歩
534,725,17,徒歩
534,803,13,徒歩
535,659,12,いすみ鉄道
536,1165,33,JR湘南新宿ライン
536,1203,7,JR宇都宮線
536,1504,9,JR宇都宮線
536,1607,14,JR埼京線
536,1607,14,JR宇都宮線
536,1608,28,JR湘南新宿ライン
536,537,3,徒歩
536,538,2,徒歩
536,539,5,徒歩
536,540,7,徒歩
536,615,9,JR高崎線
536,973,6,JR宇都宮線
537,538,3,徒歩
537,539,5,徒歩
537,540,4,徒歩
538,539,3,徒歩
538,540,5,徒歩
538,897,7,JR川越線
539,540,4,徒歩
54,1479,11,徒歩
54,1482,17,徒歩
54,410,16,徒歩
54,411,17,徒歩
54,412,20,徒歩
54,55,7,徒歩
540,1648,8,埼玉新都市交通伊奈線
542,1043,15,徒歩
543,1682,16,徒歩
543,544,2,大山鋼索線
543,544,8,徒歩
544,1682,2,大山鋼索線
544,1682,8,徒歩
545,1179,19,徒歩
545,1180,20,徒歩
545,1426,11,徒歩
545,1426,3,東急大井町線
545,546,1,徒歩
546,1179,18,徒歩
546,1179,5,東急目黒線
546,1426,11,徒歩
546,590,7,東急目黒線
547,1540,15,徒歩
548,549,1,徒歩
548,550,12,徒歩
549,1120,8,JR湘南新宿ライン
549,1229,5,JR湘南新宿ライン
549,1536,3,JR湘南新宿ライン
549,550,12,徒歩
549,758,3,JR湘南新宿ライン
549,758,8,JR埼京線
55,1479,3,都電荒川線
55,1479,6,徒歩
55,1481,19,徒歩
55,1482,13,徒歩
55,410,14,徒歩
55,411,14,徒歩
55,412,16,徒歩
550,777,20,徒歩
550,777,5,東急池上線
551,1130,17,徒歩
551,1130,3,JR鶴見線
551,1196,6,JR鶴見線
552,1548,1,東武大師線
552,1548,17,徒歩
553,611,6,箱根登山鉄道線
555,1405,17,徒歩
555,556,7,徒歩
555,557,3,徒歩
555,558,8,徒歩
555,559,9,徒歩
555,896,18,徒歩
555,926,19,徒歩
555,958,15,徒歩
555,959,12,徒歩
555,960,10,徒歩
555,961,7,徒歩
556,1366,19,徒歩
556,1405,20,徒歩
556,557,5,徒歩
556,558,5,徒歩
556,559,5,徒歩
556,829,18,徒歩
556,891,20,徒歩
556,892,15,徒歩
556,893,16,徒歩
556,958,16,徒歩
556,959,9,徒歩
556,960,8,徒歩
556,961,7,徒歩
557,1366,20,徒歩
557,1405,16,徒歩
557,558,5,徒歩
557,559,7,徒歩
557,892,20,徒歩
557,896,20,徒歩
557,958,18,徒歩
557,959,13,徒歩
557,960,11,徒歩
557,961,8,徒歩
558,1220,19,徒歩
558,1366,16,徒歩
558,1367,19,徒歩
558,1405,16,徒歩
558,559,3,徒歩
558,639,19,徒歩
558,829,18,徒歩
558,892,19,徒歩
558,893,20,徒歩
558,959,14,徒歩
558,960,13,徒歩
558,961,11,徒歩
559,1220,19,徒歩
559,1366,14,徒歩
559,1367,18,徒歩
559,1405,18,徒歩
559,639,19,徒歩
559,829,16,徒歩
559,892,17,徒歩
559,893,18,徒歩
559,959,13,徒歩
559,960,13,徒歩
559,961,12,徒歩
56,1250,3,新京成電鉄線
56,196,1,新京成電鉄線
56,196,14,徒歩
560,1501,6,JR京浜東北線
560,562,14,徒歩
561,597,10,京成千原線
562,1394,1,京浜急行本線
562,715,1,京浜急行本線
562,715,20,徒歩
563,1077,15,徒歩
563,1077,2,京浜急行本線
563,715,1,京浜急行本線
563,715,15,徒歩
564,1349,4,西武池袋線
565,1041,3,北総鉄道
565,872,5,北総鉄道
566,716,7,JR東海道本線
567,1457,16,徒歩
567,1457,2,京成本線
568,1143,5,JR外房線
568,569,2,徒歩
569,1369,9,JR東金線
57,1311,8,秩父本線
570,571,4,徒歩
570,625,17,徒歩
570,625,4,湘南モノレール
571,1094,13,JR東海道本線
571,1094,16,JR湘南新宿ライン
571,1229,63,JR湘南新宿ライン
571,1513,4,JR東海道本線
571,1621,15,JR東海道本線
571,1660,7,JR横須賀線
571,625,20,徒歩
571,649,25,JR東海道本線
571,770,5,JR東海道本線
571,770,5,JR湘南新宿ライン
571,770,6,JR横須賀線
571,945,5,JR根岸線
573,1691,10,JR内房線
574,1380,13,秩父本線
575,1151,17,徒歩
575,1198,4,徒歩
575,1407,13,徒歩
575,1458,13,徒歩
575,576,2,徒歩
575,746,13,徒歩
575,847,19,徒歩
575,880,18,徒歩
576,1151,17,徒歩
576,1198,6,徒歩
576,1407,15,徒歩
576,1458,12,徒歩
576,1610,20,徒歩
576,746,12,徒歩
576,847,20,徒歩
576,880,19,徒歩
577,622,11,徒歩
577,622,3,伊豆箱根鉄道大雄山線
578,1390,1,京浜急行空港線
578,1390,13,徒歩
578,1420,2,京浜急行空港線
578,1420,20,徒歩
578,585,2,京浜急行空港線
579,906,15,秩父本線
58,60,2,京浜急行久里浜線
580,1391,18,徒歩
580,1391,5,千葉都市モノレール2号線
581,769,5,JR常磐線快速
581,769,6,JR常磐線各駅停車
581,985,13,徒歩
582,583,5,徒歩
582,873,20,徒歩
582,962,6,東京りんかい線
584,1556,1,相模鉄道本線
584,1556,12,徒歩
584,909,17,徒歩
584,909,2,相模鉄道本線
585,1390,1,京浜急行空港線
585,1390,16,徒歩
585,1436,4,京浜急行空港線
585,586,1,徒歩
585,791,16,徒歩
586,1390,15,徒歩
586,791,16,徒歩
586,791,4,東京モノレール羽田線
586,828,17,東京モノレール羽田線
587,1005,7,JR外房線
587,1672,6,JR外房線
588,1160,9,JR内房線
588,604,7,JR内房線
589,1310,3,JR青梅線
59,1481,18,徒歩
59,1482,17,徒歩
59,1552,20,徒歩
59,1553,19,徒歩
59,1554,17,徒歩
59,412,4,JR常磐線快速
59,792,11,徒歩
59,886,18,徒歩
59,887,1,JR常磐線快速
59,887,17,徒歩
59,888,16,徒歩
59,889,15,徒歩
590,1292,18,徒歩
590,1292,5,東急目黒線
590,1426,14,徒歩
590,1444,11,徒歩
590,1445,10,徒歩
593,1315,3,東急東横線
593,1489,8,東急東横線
594,1670,12,JR内房線
595,998,9,東武伊勢崎線
596,1361,1,京浜急行本線
596,1362,1,京浜急行本線
596,1362,12,徒歩
596,805,18,徒歩
598,1323,16,徒歩
598,1555,20,徒歩
598,1683,12,徒歩
598,1700,4,都電荒川線
598,1700,8,徒歩
598,1752,17,徒歩
598,1753,15,徒歩
598,1754,17,徒歩
598,1759,12,徒歩
598,1759,7,都電荒川線
598,901,15,徒歩
599,1355,3,東急東横線
599,1444,2,東急東横線
599,1630,3,東急東横線
6,17,7,京成千原線
6,597,5,京成千原線
60,1181,1,京浜急行久里浜線
600,1130,11,徒歩
600,1130,2,JR鶴見線
600,1195,12,徒歩
600,1218,6,JR鶴見線
600,865,18,徒歩
601,670,6,JR内房線
602,603,7,JR外房線
602,604,12,JR外房線
603,1519,8,JR外房線
605,1294,17,徒歩
605,1625,1,京浜急行本線
606,646,10,JR成田線我孫子支線
608,1019,17,徒歩
608,1020,17,徒歩
608,1416,18,徒歩
608,1473,16,徒歩
608,1474,17,徒歩
608,1650,16,徒歩
608,1651,17,徒歩
608,1652,16,徒歩
608,1653,10,徒歩
608,817,12,徒歩
608,891,15,徒歩
608,892,15,徒歩
608,893,16,徒歩
608,925,17,徒歩
608,926,18,徒歩
608,958,14,徒歩
608,959,15,徒歩
608,960,16,徒歩
608,961,20,徒歩
61,1296,6,徒歩
61,1458,14,徒歩
61,1460,20,徒歩
61,1610,19,徒歩
61,62,2,徒歩
61,880,19,徒歩
610,1040,20,徒歩
610,1421,17,徒歩
610,1603,15,徒歩
610,665,16,徒歩
610,665,4,東急世田谷線
611,648,19,徒歩
611,648,5,箱根登山鉄道線
612,1259,9,徒歩
612,1260,3,都電荒川線
612,1260,7,徒歩
612,1484,16,徒歩
612,1604,17,徒歩
612,1617,14,徒歩
612,633,4,都電荒川線
612,633,8,徒歩
612,977,18,徒歩
613,1694,4,JR青梅線
613,885,1,JR青梅線
613,885,15,徒歩
614,1787,3,東急田園都市線
614,617,17,徒歩
614,617,2,東急田園都市線
615,975,17,徒歩
616,628,4,JR相模線
617,1080,4,東急田園都市線
618,1308,2,JR南武線
619,1279,1,東武東上本線
619,1279,12,徒歩
619,620,1,徒歩
619,621,2,徒歩
62,1296,6,徒歩
62,1458,14,徒歩
62,1610,18,徒歩
62,880,20,徒歩
620,1072,10,秩父本線
620,1177,20,秩父本線
620,1279,12,徒歩
620,621,1,徒歩
621,1279,13,徒歩
621,1289,9,JR八高線
621,783,5,JR八高線
623,1733,1,京王井の頭線
623,1733,15,徒歩
624,1432,3,西武池袋線
625,1243,6,湘南モノレール
626,1061,4,小田急小田原線
626,1518,4,小田急小田原線
627,1628,5,JR内房線
627,670,12,JR内房線
628,1718,4,JR相模線
629,1138,20,徒歩
629,1193,19,徒歩
629,1200,18,徒歩
629,1366,15,徒歩
629,1367,17,徒歩
629,1375,18,徒歩
629,1719,9,徒歩
629,1720,10,徒歩
629,672,14,徒歩
629,829,9,徒歩
629,893,20,徒歩
629,990,12,徒歩
63,1366,17,徒歩
63,1473,17,徒歩
63,1474,15,徒歩
63,246,19,徒歩
63,255,17,徒歩
63,256,16,徒歩
63,555,20,徒歩
63,556,14,徒歩
63,557,19,徒歩
63,558,17,徒歩
63,559,14,徒歩
63,629,16,徒歩
63,64,6,徒歩
63,829,10,徒歩
63,891,9,徒歩
63,892,7,徒歩
63,893,6,徒歩
63,959,14,徒歩
63,960,15,徒歩
63,961,17,徒歩
630,1171,4,JR青梅線
630,1433,5,JR青梅線
631,1069,6,千葉都市モノレール2号線
632,1072,7,秩父本線
632,1144,20,秩父本線
633,1259,16,徒歩
633,1260,14,徒歩
633,1483,17,徒歩
633,1484,4,都電荒川線
633,1484,8,徒歩
633,1617,19,徒歩
633,662,17,徒歩
634,1312,4,北総鉄道
635,787,10,JR八高線
636,699,5,JR総武線
636,818,6,JR総武線
637,1288,14,徒歩
637,1288,2,京浜急行大師線
638,1491,3,西武拝島線
638,1785,4,西武国分寺線
638,819,20,徒歩
638,972,8,西武拝島線
638,991,7,西武国分寺線
639,1220,2,徒歩
639,1358,16,徒歩
639,1359,16,徒歩
639,1360,16,徒歩
639,1366,11,徒歩
639,1367,9,徒歩
639,1375,18,徒歩
639,1376,14,徒歩
639,1377,14,徒歩
639,1378,17,徒歩
639,1405,20,徒歩
639,672,16,徒歩
639,748,11,徒歩
639,749,13,徒歩
639,826,5,徒歩
639,829,20,徒歩
639,932,20,徒歩
64,1366,12,徒歩
64,1367,16,徒歩
64,1474,19,徒歩
64,1719,20,徒歩
64,255,17,徒歩
64,256,16,徒歩
64,556,15,徒歩
64,557,20,徒歩
64,558,16,徒歩
64,559,14,徒歩
64,629,12,徒歩
64,672,19,徒歩
64,829,5,徒歩
64,891,13,徒歩
64,892,12,徒歩
64,893,11,徒歩
64,959,17,徒歩
64,960,19,徒歩
64,961,20,徒歩
640,1122,12,東武東上本線
640,641,1,徒歩
640,999,5,東武東上本線
641,1406,7,JR八高線
641,908,15,JR八高線
642,1463,6,西武新宿線
642,1491,3,西武拝島線
643,1272,5,西武池袋線
643,1547,5,西武池袋線
644,1767,7,JR横浜線
644,844,3,JR横浜線
645,919,4,東武亀戸線
645,952,1,東武亀戸線
645,952,10,徒歩
646,929,10,JR成田線我孫子支線
648,737,15,徒歩
648,737,4,箱根登山鉄道線
649,1094,54,JR東海道本線
649,1428,9,徒歩
649,1471,48,JR東海道本線
649,1616,5,小田急小田原線
649,1766,6,JR東海道本線
649,650,2,徒歩
649,651,1,徒歩
649,652,2,徒歩
649,716,38,JR東海道本線
649,899,4,JR東海道本線
65,1163,4,東急田園都市線
65,1541,10,徒歩
65,1730,4,東急田園都市線
65,66,4,徒歩
650,1428,10,徒歩
650,651,2,徒歩
650,652,4,徒歩
651,1414,9,箱根登山鉄道線
651,1428,9,徒歩
651,652,2,徒歩
652,1428,2,伊豆箱根鉄道大雄山線
652,1428,8,徒歩
653,1030,16,徒歩
653,654,6,小田急多摩線
655,1330,6,小田急小田原線
655,1335,6,小田急小田原線
656,1155,18,徒歩
656,842,3,西武有楽町線
658,1141,15,JR成田線
658,1411,14,JR成田線
659,1013,6,いすみ鉄道
66,1467,18,徒歩
66,1541,1,東急世田谷線
66,1541,6,徒歩
660,1762,16,徒歩
660,1762,4,流鉄流山線
660,723,6,流鉄流山線
661,1341,2,JR南武線
661,680,2,JR南武線
662,1081,15,徒歩
662,1483,10,徒歩
662,1484,11,徒歩
662,1607,10,JR高崎線
662,1607,5,JR宇都宮線
663,1412,12,徒歩
663,1412,3,東急大井町線
664,950,1,京浜急行本線
665,1032,16,徒歩
665,1032,4,東急世田谷線
665,1076,14,徒歩
665,1421,19,徒歩
665,1603,2,徒歩
666,1595,9,JR御殿場線
666,978,5,JR御殿場線
667,1062,4,JR根岸線
667,1348,3,JR根岸線
669,1221,10,JR高崎線
669,938,13,JR高崎線
67,425,4,JR武蔵野線
67,793,5,JR武蔵野線
671,1331,18,徒歩
671,1331,5,伊豆箱根鉄道大雄山線
672,1193,18,徒歩
672,1220,15,徒歩
672,1366,12,徒歩
672,1367,9,徒歩
672,1375,6,徒歩
672,1376,8,徒歩
672,1377,8,徒歩
672,1378,8,徒歩
672,1719,16,徒歩
672,1720,14,徒歩
672,826,19,徒歩
672,829,15,徒歩
672,932,18,徒歩
672,990,20,徒歩
673,980,5,東武野田線
675,1526,6,JR内房線
675,931,8,JR内房線
676,743,5,JR青梅線
677,1543,3,JR京浜東北線
677,1607,6,JR京浜東北線
678,1609,3,埼玉高速鉄道
68,314,8,つくばエクスプレス線
68,426,6,つくばエクスプレス線
680,1094,8,JR東海道本線
680,1501,8,JR京浜東北線
680,1780,4,JR京浜東北線
681,1022,16,徒歩
681,1022,3,京浜急行大師線
681,1647,1,京浜急行大師線
681,1647,10,徒歩
682,1197,6,JR南武支線
683,1111,4,東武越生線
683,1539,2,東武越生線
684,1544,6,JR川越線
684,685,2,徒歩
684,686,20,徒歩
684,937,16,徒歩
685,686,1,東武東上本線
685,686,19,徒歩
685,852,4,東武東上本線
685,937,15,徒歩
686,1689,6,東武東上本線
686,937,8,徒歩
688,1731,13,徒歩
688,1732,17,徒歩
688,1732,2,JR山手線
688,689,5,徒歩
689,1731,17,徒歩
689,690,19,徒歩
689,725,20,徒歩
69,1672,3,JR外房線
69,527,8,JR外房線
690,1545,19,徒歩
690,725,10,徒歩
690,725,5,都電荒川線
690,822,14,徒歩
691,1159,3,東急田園都市線
691,1509,4,東急田園都市線
692,1711,3,JR中央線
692,1789,15,徒歩
692,693,5,徒歩
692,694,1,徒歩
692,695,4,徒歩
692,696,5,徒歩
693,1268,18,徒歩
693,1789,19,徒歩
693,694,5,徒歩
693,695,4,徒歩
693,696,2,徒歩
694,1711,3,JR総武線
694,1789,15,徒歩
694,695,4,徒歩
694,696,5,徒歩
695,1789,15,徒歩
695,696,3,徒歩
696,1268,19,徒歩
696,1789,18,徒歩
697,867,11,徒歩
697,867,3,新交通ゆりかもめ
697,924,15,徒歩
697,924,4,新交通ゆりかもめ
698,1370,13,徒歩
698,1370,3,横浜新都市交通
699,1453,12,JR総武線快速
699,702,9,徒歩
699,818,8,JR総武線快速
699,933,4,JR総武線
7,1460,13,新交通ゆりかもめ
7,1696,13,徒歩
7,451,16,徒歩
7,451,4,新交通ゆりかもめ
7,962,7,徒歩
70,1115,2,JR中央線
70,166,9,JR中央線
70,454,4,JR中央線
70,454,4,JR総武線
70,486,7,JR中央線
700,1574,13,JR京葉線
700,854,5,JR京葉線
701,1456,7,JR武蔵野線
701,995,4,JR武蔵野線
702,1487,16,徒歩
702,1487,2,京成本線
703,800,13,徒歩
704,830,6,JR成田線我孫子支線
704,929,4,JR成田線我孫子支線
705,1590,1,京王線
705,1590,14,徒歩
708,709,4,JR総武線
708,843,3,JR総武線
709,1183,6,JR総武線
71,181,1,京王井の頭線
71,209,1,京王井の頭線
71,209,17,徒歩
710,1410,2,京王新線
711,903,11,JR総武本線
712,818,4,JR総武線
712,952,20,徒歩
714,1184,11,徒歩
714,1184,3,流鉄流山線
714,1762,8,流鉄流山線
715,1077,2,京浜急行本線
715,1697,3,京浜急行本線
716,1471,10,JR東海道本線
718,1666,3,京王線
719,1093,15,徒歩
719,1094,17,徒歩
719,1095,17,徒歩
719,1095,2,相模鉄道本線
719,1096,19,徒歩
719,1097,19,徒歩
719,1556,2,相模鉄道本線
719,1556,20,徒歩
719,1741,14,徒歩
719,778,10,徒歩
719,875,19,徒歩
72,1057,12,徒歩
72,1081,10,徒歩
72,1252,20,徒歩
72,1280,19,徒歩
72,1280,2,JR京浜東北線
72,1283,20,徒歩
72,1297,4,JR京浜東北線
72,1483,15,徒歩
72,1527,8,徒歩
72,1703,18,徒歩
72,662,14,徒歩
720,1788,2,JR南武線
720,821,20,徒歩
721,949,6,東武日光線
722,1287,13,徒歩
722,1287,3,横浜新都市交通
723,1724,10,流鉄流山線
723,836,5,徒歩
723,837,4,徒歩
725,1528,13,徒歩
725,1545,10,徒歩
725,822,2,都電荒川線
725,822,5,徒歩
726,727,16,徒歩
726,728,15,徒歩
726,729,13,徒歩
726,983,3,京王線
727,728,1,徒歩
727,729,16,徒歩
728,729,16,徒歩
729,983,19,徒歩
729,983,3,京王競馬場線
73,212,2,西武新宿線
73,88,2,西武新宿線
73,88,20,徒歩
730,1215,9,小田急小田原線
730,1335,6,小田急小田原線
731,1195,12,徒歩
731,1195,2,JR鶴見線
731,1781,16,徒歩
731,1781,3,JR鶴見線
732,733,10,徒歩
734,1427,5,相模鉄道いずみ野線
735,736,1,徒歩
735,737,11,徒歩
736,737,11,徒歩
736,737,3,箱根登山鉄道線
738,1206,7,秩父本線
738,747,15,秩父本線
739,1139,13,徒歩
739,1140,11,徒歩
739,1708,16,徒歩
739,1709,20,徒歩
739,1710,19,徒歩
739,1711,17,徒歩
739,1712,14,徒歩
739,740,3,徒歩
739,910,4,徒歩
739,911,8,徒歩
739,943,17,徒歩
739,944,18,徒歩
74,1074,15,徒歩
74,1074,4,多摩モノレール
740,1139,15,徒歩
740,1140,13,徒歩
740,1708,19,徒歩
740,1711,20,徒歩
740,1712,17,徒歩
740,910,1,徒歩
740,911,5,徒歩
740,943,16,徒歩
740,944,17,徒歩
741,1208,11,JR外房線
742,1251,20,徒歩
742,1251,5,御岳登山鉄道
743,1170,2,JR青梅線
744,1174,18,徒歩
744,1685,16,徒歩
744,1685,4,東急池上線
745,1244,9,徒歩
745,1376,20,徒歩
745,1376,3,JR京浜東北線
745,1376,4,JR山手線
745,1377,20,徒歩
745,1378,19,徒歩
745,1389,17,徒歩
745,824,14,徒歩
745,825,13,徒歩
745,932,12,徒歩
746,1151,17,徒歩
746,1152,20,徒歩
746,1198,17,徒歩
746,1368,13,徒歩
746,1458,17,徒歩
746,1610,19,徒歩
746,847,16,徒歩
746,848,18,徒歩
746,849,18,徒歩
746,850,20,徒歩
747,1380,15,徒歩
747,1380,4,秩父本線
747,1562,6,徒歩
748,1139,2,JR中央線
748,1139,2,JR総武線
748,1220,12,徒歩
748,1244,19,徒歩
748,1358,16,徒歩
748,1359,15,徒歩
748,1360,15,徒歩
748,1366,2,JR中央線
748,1367,17,徒歩
748,1375,20,徒歩
748,1376,15,徒歩
748,1377,1,JR総武線
748,1377,16,徒歩
748,1378,17,徒歩
748,749,3,徒歩
748,826,6,徒歩
748,932,15,徒歩
748,943,19,徒歩
748,944,20,徒歩
749,1139,20,徒歩
749,1140,19,徒歩
749,1220,14,徒歩
749,1244,18,徒歩
749,1358,17,徒歩
749,1359,15,徒歩
749,1360,16,徒歩
749,1367,19,徒歩
749,1376,17,徒歩
749,1377,17,徒歩
749,1378,19,徒歩
749,826,8,徒歩
749,932,15,徒歩
749,943,17,徒歩
749,944,18,徒歩
75,1066,1,京王線
75,1066,15,徒歩
75,308,1,京王線
75,308,17,徒歩
751,1050,2,東武東上本線
751,928,2,東武東上本線
752,1502,20,徒歩
752,753,17,徒歩
756,1785,3,西武国分寺線
757,1669,9,東急こどもの国線
758,1229,1,JR湘南新宿ライン
758,1229,3,JR埼京線
758,1229,4,JR山手線
758,1326,3,JR山手線
758,759,3,徒歩
76,122,6,JR御殿場線
76,1333,4,JR御殿場線
760,1223,2,東武野田線
760,1223,20,徒歩
760,1641,19,徒歩
760,1641,2,東武野田線
761,936,9,小田急小田原線
762,1356,3,小田急小田原線
764,1034,12,JR総武本線
764,1149,8,JR東金線
764,884,11,JR総武本線
765,1305,5,JR横浜線
765,1667,4,JR横浜線
766,1393,20,JR成田線
766,1636,18,JR成田線
767,1393,17,徒歩
767,1393,2,JR成田線
767,768,9,徒歩
767,984,9,徒歩
768,1393,1,京成本線
768,1393,8,徒歩
768,984,1,徒歩
769,1046,7,JR常磐線快速
769,985,8,JR成田線我孫子支線
77,1234,20,徒歩
77,78,2,徒歩
770,1094,10,JR東海道本線
770,1094,10,JR横須賀線
770,1094,9,JR湘南新宿ライン
770,771,3,徒歩
770,986,4,JR横須賀線
770,986,4,JR湘南新宿ライン
772,796,4,埼玉高速鉄道
772,982,4,埼玉高速鉄道
773,774,3,JR埼京線
774,1209,5,JR埼京線
775,1477,13,徒歩
775,776,13,徒歩
775,777,5,徒歩
776,1477,12,徒歩
776,1536,16,徒歩
776,777,17,徒歩
777,1477,15,徒歩
777,1477,4,東急池上線
778,1093,20,徒歩
778,1096,2,京浜急行本線
778,1741,9,徒歩
778,875,18,徒歩
778,881,1,京浜急行本線
779,1374,5,西武池袋線
779,1547,3,西武池袋線
779,780,1,徒歩
78,1096,8,京浜急行本線
78,1645,7,京浜急行本線
78,664,2,京浜急行本線
78,733,2,京浜急行本線
780,1450,3,西武新宿線
780,991,7,西武新宿線
781,1617,4,日暮里・舎人ライナー
781,1756,11,徒歩
781,1756,2,日暮里・舎人ライナー
782,914,12,徒歩
782,914,2,JR鶴見線
783,1406,9,JR八高線
784,1089,9,徒歩
784,785,5,徒歩
784,940,17,徒歩
785,1089,1,東武伊勢崎線
785,1089,6,徒歩
785,919,20,徒歩
785,919,3,東武伊勢崎線
785,940,15,徒歩
786,1563,7,西武拝島線
786,787,1,徒歩
786,788,2,徒歩
787,1011,6,JR八高線
787,1171,21,JR青梅線
787,1265,4,JR青梅線
787,1398,16,JR青梅線
787,788,1,徒歩
787,916,4,JR青梅線
788,1255,2,JR五日市線
789,1256,28,秩父本線
789,1522,10,秩父本線
79,346,4,JR高崎線
79,615,9,JR高崎線
790,1538,3,JR川越線
791,1390,17,徒歩
791,915,10,東京モノレール羽田線
792,1301,16,徒歩
792,1302,18,徒歩
792,1302,2,京成本線
792,1303,16,徒歩
792,1304,17,徒歩
792,1481,20,徒歩
792,1552,18,徒歩
792,1553,17,徒歩
792,1554,14,徒歩
792,1604,16,徒歩
792,888,3,京成本線
792,889,20,徒歩
792,977,19,徒歩
795,1119,11,徒歩
795,1119,3,東急東横線
795,1119,3,東急目黒線
795,1120,10,徒歩
796,1765,2,埼玉高速鉄道
797,1173,1,西武新宿線
797,1173,16,徒歩
798,992,1,京王井の頭線
798,992,11,徒歩
799,837,9,JR武蔵野線
799,995,5,JR武蔵野線
8,1698,4,京成本線
8,507,3,京成本線
80,157,3,箱根登山鉄道鋼索線
80,157,6,徒歩
80,321,12,徒歩
80,322,17,徒歩
80,902,2,箱根登山鉄道鋼索線
80,902,4,徒歩
800,1056,19,徒歩
800,1569,16,徒歩
800,1569,3,京成千葉線
801,1051,6,東武日光線
801,1060,14,東武日光線
802,1550,20,徒歩
802,1558,11,徒歩
802,1754,3,JR山手線
802,808,4,JR山手線
802,812,19,徒歩
802,816,18,徒歩
802,988,16,徒歩
802,989,15,徒歩
803,1002,20,徒歩
803,1003,16,徒歩
803,1591,16,徒歩
805,1010,5,JR京浜東北線
805,1780,5,JR京浜東北線
806,1550,20,徒歩
806,1558,19,徒歩
806,1629,14,徒歩
806,807,3,徒歩
806,808,6,徒歩
806,809,6,徒歩
806,810,6,徒歩
806,811,9,徒歩
806,812,11,徒歩
806,813,15,徒歩
806,814,12,徒歩
806,816,13,徒歩
806,861,6,徒歩
807,1550,18,徒歩
807,1558,18,徒歩
807,1629,12,徒歩
807,808,5,徒歩
807,809,4,徒歩
807,810,6,徒歩
807,811,7,徒歩
807,812,10,徒歩
807,813,16,徒歩
807,814,12,徒歩
807,816,11,徒歩
807,861,4,徒歩
808,1120,18,JR湘南新宿ライン
808,1165,10,JR埼京線
808,1165,7,JR湘南新宿ライン
808,1229,5,JR湘南新宿ライン
808,1229,8,JR埼京線
808,1550,18,徒歩
808,1558,14,徒歩
808,1629,15,徒歩
808,809,3,徒歩
808,810,1,徒歩
808,811,4,徒歩
808,812,6,徒歩
808,813,11,徒歩
808,814,8,徒歩
808,815,19,徒歩
808,816,8,徒歩
808,861,3,徒歩
809,1410,8,京王線
809,1550,16,徒歩
809,1558,14,徒歩
809,1629,12,徒歩
809,810,3,徒歩
809,811,3,徒歩
809,812,6,徒歩
809,813,14,徒歩
809,814,10,徒歩
809,816,8,徒歩
809,861,1,徒歩
81,1580,5,相模鉄道本線
81,470,14,徒歩
81,470,2,相模鉄道本線
810,1377,10,JR総武線
810,1397,62,JR中央線
810,1550,18,徒歩
810,1558,14,徒歩
810,1629,15,徒歩
810,811,4,徒歩
810,812,6,徒歩
810,813,11,徒歩
810,814,7,徒歩
810,815,19,徒歩
810,816,8,徒歩
810,861,3,徒歩
810,960,13,JR中央線
811,1550,15,徒歩
811,1558,11,徒歩
811,1629,13,徒歩
811,812,4,徒歩
811,813,13,徒歩
811,814,9,徒歩
811,816,5,徒歩
811,861,3,徒歩
812,1550,16,徒歩
812,1558,9,徒歩
812,1629,15,徒歩
812,813,12,徒歩
812,814,8,徒歩
812,816,4,徒歩
812,861,6,徒歩
812,988,18,徒歩
812,989,18,徒歩
813,1558,17,徒歩
813,814,5,徒歩
813,815,10,徒歩
813,816,15,徒歩
813,861,14,徒歩
813,988,16,徒歩
813,989,16,徒歩
814,1558,14,徒歩
814,815,14,徒歩
814,816,11,徒歩
814,861,10,徒歩
814,988,17,徒歩
814,989,17,徒歩
816,1550,13,徒歩
816,1558,7,徒歩
816,1629,14,徒歩
816,861,8,徒歩
816,988,19,徒歩
816,989,19,徒歩
817,1019,12,徒歩
817,1020,13,徒歩
817,1416,6,徒歩
817,1417,18,徒歩
817,1650,16,徒歩
817,1651,19,徒歩
817,1652,19,徒歩
817,1653,16,徒歩
818,1655,7,JR総武線快速
819,1534,8,JR武蔵野線
819,1695,11,徒歩
819,860,13,JR武蔵野線
82,1036,3,新京成電鉄線
82,1038,1,新京成電鉄線
82,1038,13,徒歩
820,1114,5,西武多摩川線
820,976,14,徒歩
821,1094,10,JR横須賀線
821,1094,8,JR湘南新宿ライン
821,1120,2,JR湘南新宿ライン
821,1120,3,JR横須賀線
821,1536,12,JR湘南新宿ライン
821,1536,14,JR横須賀線
821,1788,7,徒歩
822,1252,17,徒歩
822,1528,4,都電荒川線
822,1528,9,徒歩
822,1545,6,徒歩
823,987,9,JR武蔵野線
824,1192,2,つくばエクスプレス線
824,1291,16,徒歩
824,1378,2,つくばエクスプレス線
824,1389,11,徒歩
824,1505,18,徒歩
824,1506,19,徒歩
824,825,1,徒歩
825,1291,17,徒歩
825,1389,10,徒歩
825,1505,19,徒歩
825,1506,20,徒歩
826,1220,6,徒歩
826,1358,14,徒歩
826,1359,14,徒歩
826,1360,14,徒歩
826,1366,16,徒歩
826,1367,13,徒歩
826,1375,19,徒歩
826,1376,15,徒歩
826,1377,15,徒歩
826,1378,17,徒歩
826,932,18,徒歩
827,1450,2,西武新宿線
828,1436,16,徒歩
828,1437,15,徒歩
828,1437,4,東京モノレール羽田線
828,1438,18,徒歩
829,1220,18,徒歩
829,1366,9,徒歩
829,1367,13,徒歩
829,1375,20,徒歩
829,1719,18,徒歩
829,1720,1,JR総武線快速
829,1720,18,徒歩
829,891,17,徒歩
829,892,16,徒歩
829,893,15,徒歩
829,960,1,JR総武線快速
83,1000,2,東武東上本線
830,1237,6,JR成田線我孫子支線
831,832,1,徒歩
831,833,1,徒歩
832,1024,5,東京りんかい線
832,833,1,徒歩
833,1253,4,JR京葉線
833,1495,7,JR京葉線
834,835,4,徒歩
834,950,11,徒歩
835,1178,4,JR根岸線
835,1352,4,JR根岸線
835,950,10,徒歩
836,1723,3,JR常磐線各駅停車
836,837,1,徒歩
838,1039,4,徒歩
838,1228,15,小田急小田原線
838,1677,6,小田急小田原線
839,1042,9,徒歩
839,1043,18,徒歩
840,1045,6,東武野田線
841,1052,14,徒歩
841,1339,4,北総鉄道
842,1067,13,徒歩
842,1142,20,徒歩
842,1155,11,徒歩
842,1430,3,西武有楽町線
842,851,20,徒歩
843,1087,12,徒歩
843,1385,5,JR総武線
844,1010,8,JR横浜線
844,1488,2,JR横浜線
844,1767,11,JR横浜線
844,845,1,徒歩
844,846,6,徒歩
845,846,5,徒歩
847,1019,19,徒歩
847,1020,19,徒歩
847,1151,5,徒歩
847,1152,5,徒歩
847,1417,15,徒歩
847,1517,20,徒歩
847,1650,19,徒歩
847,1651,19,徒歩
847,848,3,徒歩
847,849,4,徒歩
847,850,6,徒歩
848,1019,17,徒歩
848,1020,17,徒歩
848,1151,1,新交通ゆりかもめ
848,1151,6,徒歩
848,1152,4,徒歩
848,1417,14,徒歩
848,1517,20,徒歩
848,1650,17,徒歩
848,1651,17,徒歩
848,1652,19,徒歩
848,849,3,徒歩
848,850,5,徒歩
848,894,19,徒歩
848,895,20,徒歩
849,1019,18,徒歩
849,1020,18,徒歩
849,1151,8,徒歩
849,1152,6,徒歩
849,1198,3,JR京浜東北線
849,1198,3,JR山手線
849,1417,16,徒歩
849,1517,18,徒歩
849,1650,17,徒歩
849,1651,17,徒歩
849,1652,19,徒歩
849,1686,19,徒歩
849,850,3,徒歩
849,894,17,徒歩
849,895,19,徒歩
849,925,2,JR京浜東北線
849,925,2,JR山手線
849,960,3,JR東海道本線
849,960,4,JR横須賀線
85,1307,3,JR相模線
85,424,6,JR相模線
850,1019,17,徒歩
850,1020,17,徒歩
850,1151,11,徒歩
850,1152,8,徒歩
850,1417,16,徒歩
850,1517,17,徒歩
850,1650,16,徒歩
850,1651,15,徒歩
850,1652,17,徒歩
850,1686,17,徒歩
850,1687,20,徒歩
850,1688,19,徒歩
850,894,15,徒歩
850,895,16,徒歩
850,925,20,徒歩
851,1155,12,徒歩
853,1183,7,徒歩
854,1449,7,JR京葉線
855,1273,6,西武新宿線
856,1033,5,東武伊勢崎線
856,1498,5,東武伊勢崎線
858,1314,2,JR宇都宮線
859,1055,5,小田急小田原線
859,1319,2,小田急小田原線
859,1319,20,徒歩
86,1256,18,徒歩
86,1256,5,秩父本線
86,1257,18,徒歩
86,1258,18,徒歩
86,1346,7,秩父本線
860,1374,6,徒歩
860,987,6,JR武蔵野線
861,1550,16,徒歩
861,1558,14,徒歩
861,1629,12,徒歩
863,1213,8,JR京葉線
864,1007,13,徒歩
864,1214,20,徒歩
864,1454,2,東武野田線
865,1195,15,徒歩
865,1195,2,JR鶴見線
865,1218,13,徒歩
865,1218,2,JR鶴見線
866,1470,6,JR外房線
866,941,8,JR外房線
867,1600,15,徒歩
867,1600,4,新交通ゆりかもめ
867,1601,18,徒歩
867,924,20,徒歩
868,1498,20,徒歩
868,1498,3,東武伊勢崎線
868,1614,5,東武伊勢崎線
869,1364,6,京浜急行逗子線
869,1624,9,徒歩
87,1040,16,徒歩
87,141,2,東急世田谷線
87,141,9,徒歩
87,610,10,徒歩
87,610,2,東急世田谷線
870,1110,13,秩父本線
870,1572,8,秩父本線
871,872,1,徒歩
872,1570,7,北総鉄道
872,1657,4,東武野田線
873,1697,1,京浜急行本線
873,1697,17,徒歩
873,1761,2,京浜急行本線
874,1028,18,徒歩
874,1734,17,徒歩
875,1093,14,徒歩
875,1094,12,徒歩
875,1095,12,徒歩
875,1095,4,横浜みなとみらい線
875,1096,12,徒歩
875,1097,13,徒歩
875,1741,9,徒歩
876,1583,17,徒歩
876,1740,13,徒歩
878,1179,19,徒歩
878,1478,10,徒歩
878,1478,2,東急大井町線
878,1664,10,徒歩
878,879,3,徒歩
879,1179,20,徒歩
879,1477,20,徒歩
879,1477,5,東急池上線
879,1478,9,徒歩
879,1664,12,徒歩
879,1664,3,東急池上線
88,1134,3,西武新宿線
880,1198,15,徒歩
880,1407,12,徒歩
880,1407,3,新交通ゆりかもめ
880,1458,20,徒歩
880,1460,16,徒歩
880,1460,4,新交通ゆりかもめ
881,1070,12,徒歩
881,1071,15,徒歩
881,1678,18,徒歩
881,1679,17,徒歩
881,1680,19,徒歩
881,1726,20,徒歩
881,1792,1,京浜急行本線
881,1792,16,徒歩
882,1119,6,東急東横線
882,1422,2,東急東横線
882,1489,7,東急東横線
885,1350,2,JR青梅線
885,1350,20,徒歩
886,1552,14,徒歩
886,1552,2,JR京浜東北線
886,1552,2,JR山手線
886,1553,14,徒歩
886,1554,15,徒歩
886,1773,19,徒歩
886,1773,2,JR山手線
886,1773,3,JR京浜東北線
886,887,2,徒歩
886,888,2,徒歩
886,889,4,徒歩
887,1552,13,徒歩
887,1553,13,徒歩
887,1554,14,徒歩
887,1773,20,徒歩
887,888,1,徒歩
887,889,2,徒歩
888,1552,13,徒歩
888,1553,13,徒歩
888,1554,14,徒歩
888,1773,20,徒歩
888,889,2,徒歩
889,1552,12,徒歩
889,1553,12,徒歩
889,1554,13,徒歩
889,1554,2,日暮里・舎人ライナー
89,852,4,東武東上本線
890,1348,18,徒歩
890,1678,14,徒歩
890,1679,13,徒歩
890,1726,1,横浜みなとみらい線
890,1726,14,徒歩
891,1138,18,徒歩
891,1473,9,徒歩
891,1474,8,徒歩
891,892,5,徒歩
891,893,4,徒歩
891,959,15,徒歩
891,960,17,徒歩
891,961,20,徒歩
892,1473,13,徒歩
892,1474,12,徒歩
892,893,2,徒歩
892,958,18,徒歩
892,959,11,徒歩
892,960,13,徒歩
892,961,16,徒歩
893,1473,13,徒歩
893,1474,11,徒歩
893,958,20,徒歩
893,959,12,徒歩
893,960,14,徒歩
893,961,17,徒歩
894,1019,19,徒歩
894,1020,18,徒歩
894,1073,15,徒歩
894,1517,18,徒歩
894,1650,14,徒歩
894,1651,11,徒歩
894,1652,10,徒歩
894,1653,15,徒歩
894,1686,14,徒歩
894,1687,14,徒歩
894,1688,12,徒歩
894,895,4,徒歩
894,896,7,徒歩
894,925,9,徒歩
894,926,8,徒歩
894,958,15,徒歩
895,1019,17,徒歩
895,1020,16,徒歩
895,1073,18,徒歩
895,1650,11,徒歩
895,1651,8,徒歩
895,1652,7,徒歩
895,1653,12,徒歩
895,1686,17,徒歩
895,1687,18,徒歩
895,1688,15,徒歩
895,896,6,徒歩
895,925,6,徒歩
895,926,5,徒歩
895,958,12,徒歩
895,960,20,徒歩
895,961,19,徒歩
896,1073,16,徒歩
896,1650,15,徒歩
896,1651,13,徒歩
896,1652,11,徒歩
896,1653,13,徒歩
896,1686,18,徒歩
896,1687,18,徒歩
896,1688,15,徒歩
896,925,7,徒歩
896,926,5,徒歩
896,958,10,徒歩
896,959,18,徒歩
896,960,16,徒歩
896,961,15,徒歩
897,1538,6,JR川越線
898,1397,6,JR中央線
898,1602,5,JR中央線
899,1063,8,JR東海道本線
899,1414,15,徒歩
9,1216,7,相模鉄道本線
9,13,3,相模鉄道本線
90,1005,7,JR外房線
90,318,8,JR外房線
900,1267,15,徒歩
900,1466,17,徒歩
900,901,15,徒歩
901,1700,4,都電荒川線
901,1700,9,徒歩
903,1706,6,JR総武本線
904,905,2,徒歩
904,992,16,徒歩
905,1148,1,京王井の頭線
905,992,1,京王井の頭線
905,992,18,徒歩
906,1106,11,秩父本線
907,1524,19,徒歩
907,1525,16,徒歩
908,1613,11,JR八高線
91,1212,10,小湊鉄道
91,97,7,小湊鉄道
910,1139,15,徒歩
910,1140,12,徒歩
910,1708,19,徒歩
910,1711,20,徒歩
910,1712,17,徒歩
910,911,4,徒歩
910,943,16,徒歩
910,944,16,徒歩
911,1139,18,徒歩
911,1140,15,徒歩
911,943,15,徒歩
911,944,15,徒歩
911,971,20,徒歩
912,1510,5,東武野田線
912,913,1,徒歩
914,1196,20,徒歩
914,1196,3,JR鶴見線
914,1197,20,徒歩
915,1188,7,東京モノレール羽田線
917,1402,2,西武多摩川線
917,1402,20,徒歩
918,1267,17,徒歩
918,1466,18,徒歩
919,969,14,徒歩
919,969,2,東武伊勢崎線
92,488,18,いすみ鉄道
92,504,16,いすみ鉄道
920,1611,18,徒歩
920,921,2,徒歩
921,1611,17,徒歩
922,1713,12,小湊鉄道
923,924,15,徒歩
923,924,4,新交通ゆりかもめ
925,1019,15,徒歩
925,1020,14,徒歩
925,1650,9,徒歩
925,1651,7,徒歩
925,1652,5,徒歩
925,1653,7,徒歩
925,1688,20,徒歩
925,926,3,徒歩
925,958,7,徒歩
925,959,16,徒歩
925,960,16,徒歩
925,960,3,JR京浜東北線
925,960,4,JR山手線
925,961,16,徒歩
926,1019,18,徒歩
926,1020,17,徒歩
926,1073,20,徒歩
926,1650,12,徒歩
926,1651,10,徒歩
926,1652,7,徒歩
926,1653,9,徒歩
926,1688,18,徒歩
926,958,7,徒歩
926,959,16,徒歩
926,960,15,徒歩
926,961,14,徒歩
927,928,4,東武東上本線
93,1568,8,いすみ鉄道
93,1715,24,小湊鉄道
930,1023,20,徒歩
931,1354,5,JR久留里線
932,1220,20,徒歩
932,1244,10,徒歩
932,1375,13,徒歩
932,1376,11,徒歩
932,1377,11,徒歩
932,1378,10,徒歩
933,1760,20,徒歩
933,934,6,徒歩
934,1487,18,徒歩
935,1336,8,徒歩
935,1496,20,徒歩
935,1516,5,JR内房線
935,1516,5,JR外房線
938,1357,9,JR高崎線
94,106,10,小湊鉄道
94,1750,9,小湊鉄道
940,1089,10,徒歩
940,1189,15,徒歩
940,1190,14,徒歩
940,1191,14,徒歩
941,1143,5,JR外房線
942,1044,19,徒歩
943,1139,16,徒歩
943,1140,12,徒歩
943,1244,18,徒歩
943,944,3,徒歩
944,1139,18,徒歩
944,1140,14,徒歩
944,1244,17,徒歩
945,1235,3,JR根岸線
946,1408,19,徒歩
946,1408,5,銚子電鉄線
946,1587,15,徒歩
946,1587,4,銚子電鉄線
947,1313,7,徒歩
947,971,16,徒歩
948,1049,20,徒歩
948,1345,19,徒歩
948,1512,4,小田急江ノ島線
948,1772,3,小田急江ノ島線
949,998,7,東武日光線
95,101,8,JR久留里線
951,1015,6,東葉高速鉄道
953,1575,20,徒歩
953,1576,18,徒歩
954,1571,18,徒歩
954,1571,2,JR青梅線
955,1492,10,徒歩
955,956,5,徒歩
956,1492,9,徒歩
957,1227,4,西武池袋線
958,1019,19,徒歩
958,1020,19,徒歩
958,1650,15,徒歩
958,1651,13,徒歩
958,1652,11,徒歩
958,1653,8,徒歩
958,959,9,徒歩
958,960,9,徒歩
958,961,10,徒歩
959,1652,19,徒歩
959,1653,15,徒歩
959,960,3,徒歩
959,961,6,徒歩
96,1715,13,小湊鉄道
96,922,12,小湊鉄道
960,1094,23,JR東海道本線
960,1198,5,JR京浜東北線
960,1366,2,JR中央線
960,1366,3,JR京浜東北線
960,1366,4,JR山手線
960,1376,4,JR京浜東北線
960,1652,19,徒歩
960,1653,15,徒歩
960,961,4,徒歩
961,1652,20,徒歩
961,1653,17,徒歩
962,1451,16,徒歩
962,1696,8,徒歩
964,1449,10,徒歩
965,1134,2,西武新宿線
965,1559,2,西武新宿線
966,1161,12,徒歩
967,1280,3,JR京浜東北線
967,1282,17,徒歩
967,1297,6,JR京浜東北線
967,1607,7,JR京浜東北線
968,1056,11,徒歩
968,1496,19,徒歩
968,1634,7,JR総武本線
969,1663,4,東武伊勢崎線
97,292,11,小湊鉄道
970,1126,4,西武池袋線
971,1064,15,徒歩
971,1313,13,徒歩
972,1276,4,西武拝島線
973,1504,4,JR宇都宮線
976,1115,4,JR中央線
976,1121,3,JR中央線
977,1259,10,徒歩
977,1260,12,徒歩
977,1260,6,都電荒川線
977,1301,14,徒歩
977,1302,16,徒歩
977,1303,3,都電荒川線
977,1303,7,徒歩
977,1304,15,徒歩
977,1604,11,徒歩
978,1039,7,JR御殿場線
98,104,9,小湊鉄道
98,106,8,小湊鉄道
980,1599,3,東武野田線
981,1004,9,JR武蔵野線
981,982,4,徒歩
982,1204,4,埼玉高速鉄道
984,1393,8,徒歩
984,1459,12,芝山鉄道線
985,1237,6,JR成田線我孫子支線
988,1466,20,徒歩
988,1558,15,徒歩
988,989,1,徒歩
989,1466,20,徒歩
989,1558,15,徒歩
99,1212,16,小湊鉄道
99,201,12,小湊鉄道
990,1138,20,徒歩
990,1193,13,徒歩
990,1194,14,徒歩
990,1200,10,徒歩
990,1719,4,徒歩
990,1720,6,徒歩
991,1557,4,西武西武園線
992,1076,16,徒歩
993,1084,5,東武東上本線
993,1735,7,東武東上本線
994,1041,3,北総鉄道
994,1372,2,北総鉄道
994,995,3,徒歩
996,1330,3,小田急江ノ島線
997,1099,3,JR久留里線
997,1722,7,JR久留里線
999,1300,7,東武東上本線
999,1406,14,徒歩